0.000000 0.0000000 0.0000000 0.0000000 -0.0000000 -0.0000000 -0.0000000 1.0000000
3.533333 -0.0087733 -0.0090363 0.0076308 -0.0045485 -0.4776504 -0.1787962 0.8601520
7.366667 -0.1527344 0.0170301 0.0994890 -0.1452964 -0.1077937 -0.0594220 0.9817019
8.400000 -0.1424332 0.0641021 0.0763914 -0.2278103 -0.0933924 -0.0510971 0.9678685
8.533333 -0.1302610 0.0634809 0.0760825 -0.2286355 -0.0893842 -0.0446857 0.9683695
8.666667 -0.1134442 0.0614374 0.0791988 -0.2289959 -0.0787229 -0.0381737 0.9694877
8.800000 -0.0955056 0.0580566 0.0841018 -0.2247847 -0.0674153 -0.0329147 0.9715162
9.233333 -0.0483239 0.0488686 0.0952372 -0.2023874 -0.0143907 -0.0099914 0.9791489
11.566667 -0.0725801 0.0375556 0.0364271 -0.0630167 0.4655094 0.2443185 0.8483151
11.766667 -0.0788359 0.0298326 0.0453083 -0.0533041 0.4846846 0.2500832 0.8364795
11.900000 -0.0846012 0.0251902 0.0536158 -0.0485389 0.4962888 0.2527229 0.8291397
12.166667 -0.0957860 0.0171927 0.0680730 -0.0393863 0.5144097 0.2547331 0.8178890
12.300000 -0.1009102 0.0137271 0.0745307 -0.0379421 0.5179238 0.2535497 0.8161053
12.433333 -0.1058680 0.0107854 0.0814320 -0.0371613 0.5172364 0.2532193 0.8166796
12.566667 -0.1086794 0.0085639 0.0866793 -0.0359140 0.5128932 0.2525825 0.8196663
12.700000 -0.1108427 0.0057016 0.0912961 -0.0343300 0.5083591 0.2471414 0.8242049
12.866667 -0.1091624 0.0037444 0.0959177 -0.0341716 0.4990290 0.2386395 0.8323783
13.200000 -0.0899059 0.0030561 0.1013104 -0.0368200 0.4714451 0.2305239 0.8504367
13.900000 0.0034968 0.0096186 0.0956820 -0.0475865 0.3505039 0.1762342 0.9185989
17.700000 0.0111696 0.0011584 0.1767091 -0.1593452 -0.2650012 -0.1477585 0.9394418
18.100000 0.0340199 -0.0048281 0.1901310 -0.1598198 -0.2805935 -0.1509916 0.9343053
18.333333 0.0489875 -0.0078243 0.1970844 -0.1612943 -0.2920413 -0.1582492 0.9293295
18.566667 0.0596011 -0.0091395 0.2028339 -0.1630381 -0.2951647 -0.1541774 0.9287226
18.833333 0.0635645 -0.0112092 0.2065344 -0.1653860 -0.2990401 -0.1445165 0.9286213
0.000000 -0.1357777 -1.9147758 5.1487741 -0.0080018 0.7917797 0.6107120 0.0072030
1.933333 -0.1556505 -2.0209188 5.1232247 0.0092733 0.9117959 0.4019427 0.0835719
2.033333 -0.1532332 -2.0215819 5.1249485 0.0121467 0.9105042 0.4016129 0.0976815
2.133333 -0.1487110 -2.0221763 5.1264539 0.0142695 0.9094731 0.4005606 0.1104824
2.233333 -0.1429920 -2.0227201 5.1291833 0.0112878 0.9052697 0.4058706 0.1250138
2.500000 -0.1144106 -2.0249312 5.1347475 0.0045409 0.9129779 0.3849565 0.1351268
2.600000 -0.0983887 -2.0251195 5.1378422 -0.0004794 0.9168501 0.3785132 0.1269383
2.700000 -0.0832965 -2.0242298 5.1406317 -0.0003687 0.9171625 0.3799021 0.1203634
2.800000 -0.0696619 -2.0212903 5.1421590 -0.0010698 0.9177056 0.3825487 0.1071066
2.900000 -0.0610336 -2.0166168 5.1412821 0.0012854 0.9149742 0.3931144 0.0910040
3.000000 -0.0587733 -2.0117340 5.1358714 0.0011854 0.9114742 0.4045559 0.0744851
3.100000 -0.0584193 -2.0069308 5.1286292 0.0008013 0.9111150 0.4085688 0.0542256
3.433333 -0.0795564 -1.9964695 5.1019101 -0.0045356 -0.9184894 -0.3953816 0.0054814
3.766667 -0.0949142 -1.9853899 5.0852318 -0.0020321 -0.9088785 -0.4067969 0.0919350
4.433333 -0.0733962 -1.9686855 5.0624995 -0.0258515 -0.8574613 -0.4069676 0.3137979
5.400000 -0.0984869 -1.9523877 5.0489273 -0.0516106 -0.7682212 -0.3892687 0.5056109
6.833333 -0.0675797 -1.9733412 5.1250124 -0.0831993 -0.5975489 -0.3193518 0.7307720
7.466667 -0.0673094 -1.9751278 5.1620641 -0.1200902 -0.5444179 -0.3117147 0.7694293
7.666667 -0.0714631 -1.9709419 5.1515188 -0.1288153 -0.5353515 -0.3073311 0.7761140
7.800000 -0.0739937 -1.9665511 5.1374111 -0.1319845 -0.5362017 -0.3056647 0.7756526
7.933333 -0.0766511 -1.9594131 5.1210084 -0.1316087 -0.5373020 -0.3081609 0.7739656
8.066667 -0.0799570 -1.9517872 5.1009789 -0.1303152 -0.5437686 -0.3098792 0.7689658
8.500000 -0.0856938 -1.9295404 5.0520911 -0.1305945 -0.5835934 -0.3294165 0.7306494
9.166667 -0.1117520 -1.9196907 5.0190096 -0.1043018 -0.6939414 -0.4031825 0.5873758
10.733333 -0.0882354 -1.8861399 4.9153152 -0.0413764 -0.8270208 -0.4336527 0.3553449
11.166667 -0.0886321 -1.8663757 4.8700786 -0.0438020 -0.8120063 -0.4297609 0.3924700
11.366667 -0.0984926 -1.8592962 4.8553352 -0.0490291 -0.8005924 -0.4282076 0.4162767
11.566667 -0.1135030 -1.8489805 4.8400931 -0.0623072 -0.7844812 -0.4241751 0.4480877
11.766667 -0.1278281 -1.8462710 4.8231707 -0.0812420 -0.7654040 -0.4176336 0.4828444
11.966667 -0.1394229 -1.8423089 4.8059030 -0.0843953 -0.7556446 -0.4029415 0.5094280
12.166667 -0.1463161 -1.8391584 4.7957492 -0.1039687 -0.7375377 -0.4001409 0.5339624
12.566667 -0.1470509 -1.8173487 4.7667823 -0.1249881 -0.6387904 -0.3510899 0.6730978
12.766667 -0.1341548 -1.8082465 4.7427235 -0.1381622 -0.5820236 -0.3127725 0.7377893
12.933333 -0.1190174 -1.8035969 4.7316170 -0.1354046 -0.5389191 -0.2894538 0.7793897
13.100000 -0.1063962 -1.8024694 4.7256870 -0.1317321 -0.5006245 -0.2695043 0.8120278
13.266667 -0.0927391 -1.8035147 4.7284508 -0.1288715 -0.4655765 -0.2508306 0.8388770
13.600000 -0.0590931 -1.8075335 4.7355375 -0.1287340 -0.4214380 -0.2307575 0.8675071
13.800000 -0.0302191 -1.8108991 4.7417231 -0.1256500 -0.4075926 -0.2339018 0.8737106
13.966667 -0.0023704 -1.8118314 4.7441444 -0.1182485 -0.4181368 -0.2399288 0.8681089
14.133333 0.0262864 -1.8120403 4.7432890 -0.1072122 -0.4328075 -0.2394511 0.8624653
14.300000 0.0493286 -1.8104748 4.7409611 -0.0983111 -0.4499420 -0.2446866 0.8532383
14.466667 0.0665047 -1.8090723 4.7319651 -0.0940547 -0.4624284 -0.2507128 0.8452554
14.633333 0.0810294 -1.8078281 4.7195606 -0.0896402 -0.4895969 -0.2547967 0.8290586
14.833333 0.0911858 -1.8012900 4.6971087 -0.0877197 -0.5301180 -0.2676530 0.7997763
15.033333 0.1013846 -1.7894561 4.6686535 -0.0865171 -0.5699084 -0.2837202 0.7663042
15.233333 0.1104803 -1.7781074 4.6389971 -0.0923688 -0.6029852 -0.3057528 0.7310213
15.433333 0.1175752 -1.7668695 4.6107526 -0.0911111 -0.6326608 -0.3179305 0.7002566
15.633333 0.1247683 -1.7580225 4.5878754 -0.0828846 -0.6641741 -0.3361849 0.6625576
15.833333 0.1264973 -1.7510239 4.5706100 -0.0794332 -0.6896255 -0.3522560 0.6277123
16.066667 0.1243076 -1.7487078 4.5570750 -0.0649590 -0.7137671 -0.3657204 0.5937723
16.300000 0.1177115 -1.7492945 4.5547757 -0.0574543 -0.7434978 -0.3748626 0.5508067
16.600000 0.0916843 -1.7525399 4.5657086 -0.0412395 -0.7818573 -0.3983392 0.4778332
16.866667 0.0696955 -1.7581217 4.5807781 -0.0248878 -0.8108694 -0.4185763 0.4082468
17.133333 0.0552845 -1.7602366 4.5883665 -0.0261940 -0.8306935 -0.4376638 0.3430929
17.366667 0.0467153 -1.7559810 4.5781527 -0.0314612 -0.8475263 -0.4394826 0.2959129
17.600000 0.0476971 -1.7504971 4.5572338 -0.0292264 -0.8670715 -0.4262564 0.2561996
17.800000 0.0512676 -1.7476406 4.5407400 -0.0216909 -0.8800741 -0.4159202 0.2280562
18.066667 0.0459251 -1.7477340 4.5232296 -0.0091323 -0.8956429 -0.4076669 0.1776177
18.266667 0.0286140 -1.7480564 4.5132294 0.0001932 -0.9087175 -0.3968142 0.1295035
18.433333 0.0064478 -1.7492776 4.5088530 0.0106759 -0.9177275 -0.3882908 0.0830214
18.633333 -0.0209610 -1.7527758 4.5071783 0.0164962 -0.9231622 -0.3825616 0.0338553
18.833333 -0.0417935 -1.7571156 4.5054393 -0.0180413 0.9276226 0.3730359 0.0059173
19.033333 -0.0513919 -1.7571402 4.4970455 -0.0113269 0.9298225 0.3661709 0.0349380
19.233333 -0.0522115 -1.7540962 4.4785290 -0.0111229 0.9331722 0.3551859 0.0539341
19.566667 -0.0431916 -1.7410686 4.4372368 -0.0109052 0.9408253 0.3361640 0.0415031
19.733333 -0.0377273 -1.7315620 4.4159002 -0.0102882 0.9401947 0.3384288 0.0373357
19.900000 -0.0333964 -1.7208219 4.3930264 -0.0091263 0.9368609 0.3474053 0.0389607
20.100000 -0.0335849 -1.7055100 4.3593130 -0.0081878 0.9364815 0.3477362 0.0448878
20.266667 -0.0394675 -1.6891230 4.3249764 -0.0076009 0.9389048 0.3397501 0.0544980
20.466667 -0.0536658 -1.6722864 4.2806468 -0.0059894 0.9395529 0.3342736 0.0739299
20.666667 -0.0657916 -1.6579370 4.2377939 -0.0109982 0.9370843 0.3375310 0.0884579
20.866667 -0.0665293 -1.6387234 4.1978145 -0.0103248 0.9321482 0.3519911 0.0842342
21.066667 -0.0534134 -1.6157577 4.1532283 -0.0061516 0.9310319 0.3571282 0.0748407
21.266667 -0.0348004 -1.5974578 4.1080441 0.0042751 0.9297629 0.3639452 0.0553780
21.466667 -0.0186158 -1.5828986 4.0662260 0.0087314 0.9308744 0.3642958 0.0261770
21.700000 -0.0120439 -1.5597593 4.0236034 0.0073826 0.9230573 0.3845081 0.0080112
21.900000 -0.0129394 -1.5372280 3.9793429 0.0020317 0.9193686 0.3933343 0.0067428
22.100000 -0.0230980 -1.5257316 3.9354928 -0.0002603 0.9293943 0.3678538 0.0301616
22.300000 -0.0410718 -1.5245079 3.8901191 -0.0036504 0.9395461 0.3390846 0.0475551
22.500000 -0.0513129 -1.5179378 3.8508353 0.0045662 0.9446470 0.3248113 0.0460310
22.733333 -0.0558738 -1.5089667 3.8088961 0.0056058 0.9535015 0.2992264 0.0355948
22.966667 -0.0509661 -1.4954455 3.7648551 0.0041795 0.9584580 0.2845964 0.0185927
23.166667 -0.0451060 -1.4868550 3.7267358 -0.0005537 -0.9594165 -0.2819729 0.0033096
23.366667 -0.0443845 -1.4768844 3.6969867 0.0027766 -0.9593615 -0.2815723 0.0183009
23.533333 -0.0496862 -1.4689775 3.6740530 0.0026463 -0.9609618 -0.2762988 0.0142949
23.733333 -0.0656333 -1.4560497 3.6451828 -0.0014509 0.9634128 0.2680168 0.0008376
23.933333 -0.0921266 -1.4469504 3.6133969 0.0013746 0.9641704 0.2639397 0.0266352
24.133333 -0.1147850 -1.4405408 3.5789044 0.0005536 0.9653277 0.2569376 0.0460997
24.333333 -0.1292036 -1.4318140 3.5504377 0.0088216 0.9681326 0.2454485 0.0489547
24.533333 -0.1281354 -1.4179469 3.5218053 0.0116757 0.9671237 0.2472237 0.0584446
24.733333 -0.1166878 -1.4025111 3.4919941 0.0153067 0.9684265 0.2444629 0.0464072
24.933333 -0.0927767 -1.3894376 3.4545689 0.0197995 0.9685138 0.2464323 0.0293298
25.166667 -0.0724592 -1.3773460 3.4178357 0.0280660 0.9687302 0.2458165 0.0186688
25.366667 -0.0662312 -1.3653729 3.3872621 0.0254570 0.9692376 0.2441744 0.0175876
25.566667 -0.0698898 -1.3501842 3.3548906 0.0241457 0.9711431 0.2356425 0.0277602
26.066667 -0.1065570 -1.3297663 3.2722795 0.0335059 0.9697320 0.2212320 0.0977421
26.266667 -0.1103146 -1.3154817 3.2388256 0.0382046 0.9680228 0.2240421 0.1061952
26.500000 -0.1028795 -1.2967805 3.1990037 0.0349695 0.9672874 0.2224967 0.1167363
26.733333 -0.0893869 -1.2831856 3.1573036 0.0330900 0.9723340 0.2100382 0.0967246
27.200000 -0.0864210 -1.2611978 3.0927279 0.0432779 0.9710500 0.2148264 0.0950715
27.600000 -0.1140031 -1.2396094 3.0348487 0.0395520 0.9728756 0.1828604 0.1360545
27.833333 -0.1367341 -1.2356699 3.0027530 0.0465894 0.9704732 0.1757334 0.1585211
28.066667 -0.1448424 -1.2282357 2.9760807 0.0534015 0.9673175 0.1737131 0.1768302
28.300000 -0.1374631 -1.2210003 2.9531412 0.0657593 0.9638125 0.1674155 0.1967567
28.500000 -0.1175427 -1.2123992 2.9315310 0.0684581 0.9665354 0.1499619 0.1965559
28.733333 -0.0923848 -1.2042751 2.9059215 0.0741758 0.9693029 0.1474377 0.1822418
28.966667 -0.0717106 -1.1891990 2.8805501 0.0719986 0.9689175 0.1639619 0.1706796
29.166667 -0.0583711 -1.1741046 2.8494887 0.0696624 0.9682468 0.1710548 0.1684802
29.400000 -0.0510111 -1.1561190 2.8093929 0.0782099 0.9630807 0.1543912 0.2062089
29.633333 -0.0493960 -1.1437937 2.7657142 0.0950676 0.9525324 0.1461039 0.2495953
29.866667 -0.0457513 -1.1348531 2.7307248 0.1083891 0.9402066 0.1383722 0.2917471
30.066667 -0.0394425 -1.1253014 2.6990685 0.1096235 0.9384236 0.1450314 0.2937853
30.266667 -0.0245488 -1.1012816 2.6596045 0.0952060 0.9480318 0.1579667 0.2592643
30.500000 -0.0003252 -1.0751593 2.6065083 0.0825966 0.9604476 0.1774019 0.1981080
30.766667 0.0164223 -1.0548388 2.5574505 0.0685259 0.9657394 0.1956279 0.1561455
31.000000 0.0228970 -1.0333844 2.5167296 0.0626127 0.9673545 0.2063390 0.1331508
31.266667 0.0216290 -0.9979173 2.4594221 0.0525428 0.9696995 0.2079493 0.1169582
31.533333 0.0065401 -0.9731213 2.3953478 0.0438755 0.9701729 0.2120693 0.1089313
31.766667 0.0007604 -0.9459464 2.3437481 0.0330920 0.9665714 0.2380914 0.0892029
32.033333 0.0042320 -0.9074172 2.2797966 0.0246026 0.9631643 0.2639247 0.0453114
32.266667 0.0100692 -0.8800676 2.2216225 -0.0233629 -0.9591024 -0.2820344 0.0057754
32.500000 0.0178004 -0.8532164 2.1759837 -0.0257321 -0.9525093 -0.2995562 0.0482690
32.733333 0.0168090 -0.8278159 2.1371043 -0.0310206 -0.9442026 -0.3206464 0.0685937
32.966667 0.0061796 -0.7988906 2.0886731 -0.0387741 -0.9390648 -0.3319549 0.0803734
33.200000 -0.0130117 -0.7785996 2.0397434 -0.0293998 -0.9381162 -0.3299094 0.1011607
33.400000 -0.0231036 -0.7633477 2.0092223 -0.0226306 -0.9359925 -0.3346552 0.1068263
33.600000 -0.0320212 -0.7526432 1.9834923 -0.0220982 -0.9323979 -0.3389724 0.1234647
33.833333 -0.0350072 -0.7368259 1.9532782 -0.0167528 -0.9231578 -0.3494657 0.1592887
34.066667 -0.0205249 -0.7187598 1.9162492 -0.0107745 -0.9181445 -0.3439363 0.1964755
34.300000 0.0087985 -0.7047708 1.8826970 -0.0145568 -0.9068154 -0.3448353 0.2419972
34.500000 0.0299265 -0.6914636 1.8590634 -0.0199221 -0.8935217 -0.3540481 0.2754489
34.700000 0.0338005 -0.6800747 1.8367810 -0.0192923 -0.8831033 -0.3638264 0.2956125
35.066667 0.0085018 -0.6687210 1.8032432 -0.0052872 -0.8776320 -0.3390094 0.3388315
35.266667 -0.0085542 -0.6654558 1.7856488 0.0020305 -0.8720076 -0.3273241 0.3639473
35.500000 -0.0216372 -0.6633586 1.7699072 0.0064939 -0.8686782 -0.3214544 0.3768596
35.666667 -0.0294757 -0.6626329 1.7552125 0.0112273 -0.8674044 -0.3103024 0.3888393
36.033333 -0.0321050 -0.6565092 1.7104523 0.0260437 -0.8644437 -0.2807414 0.4162249
36.200000 -0.0312889 -0.6499000 1.6892744 0.0272304 -0.8628151 -0.2816814 0.4188847
36.366667 -0.0346076 -0.6408734 1.6734790 0.0263469 -0.8638359 -0.2899798 0.4111023
36.566667 -0.0478320 -0.6319791 1.6615305 0.0190367 -0.8676348 -0.3038298 0.3931095
37.233333 -0.1795992 -0.6345323 1.6799290 0.0123320 -0.8997415 -0.3347172 0.2797814
37.433333 -0.2102832 -0.6369168 1.6802450 0.0131971 -0.9066773 -0.3373299 0.2529241
37.866667 -0.2694407 -0.6196889 1.6585040 0.0066775 -0.9205107 -0.3461491 0.1810973
38.166667 -0.3113807 -0.6122167 1.6402775 -0.0014091 -0.9261031 -0.3475692 0.1467201
38.366667 -0.3368316 -0.6081947 1.6351378 -0.0057946 -0.9288504 -0.3533061 0.1112569
38.566667 -0.3697486 -0.6032881 1.6343870 -0.0061523 -0.9290885 -0.3651767 0.0583329
38.933333 -0.4514275 -0.6101028 1.6460191 -0.0079497 0.9287707 0.3621499 0.0785441
39.166667 -0.4902897 -0.6280020 1.6638134 -0.0097424 0.9208979 0.3563389 0.1577173
39.600000 -0.5144550 -0.6488977 1.6985388 0.0101190 0.8979895 0.3507482 0.2654964
39.833333 -0.5039910 -0.6538703 1.7174871 0.0059768 0.8929463 0.3446618 0.2895158
40.100000 -0.4762478 -0.6592273 1.7416354 0.0043586 0.8904197 0.3524420 0.2879557
40.366667 -0.4420161 -0.6670006 1.7660136 0.0070155 0.8903999 0.3623422 0.2754031
40.600000 -0.4091486 -0.6707202 1.7824361 0.0015200 0.8954718 0.3550532 0.2684497
41.333333 -0.3178459 -0.6499529 1.7482882 0.0029783 0.8997355 0.3457015 0.2663786
41.566667 -0.2788492 -0.6406769 1.7111880 0.0144318 0.8990785 0.3532748 0.2581598
41.800000 -0.2438009 -0.6282180 1.6832992 0.0137852 0.8969672 0.3605719 0.2554363
42.033333 -0.2093979 -0.6169233 1.6628152 0.0020069 0.9016540 0.3620694 0.2364779
42.266667 -0.1695887 -0.6066868 1.6450673 0.0078048 0.9095785 0.3610622 0.2055241
42.500000 -0.1214755 -0.6007336 1.6276959 0.0087166 0.9166322 0.3670726 0.1580100
42.733333 -0.0816121 -0.5946919 1.6115913 0.0044860 0.9211297 0.3699091 0.1211085
42.966667 -0.0538455 -0.5835366 1.5894959 0.0033300 0.9207910 0.3753865 0.1059144
43.200000 -0.0380836 -0.5649115 1.5561804 -0.0024617 0.9196088 0.3801912 0.0988348
43.433333 -0.0304486 -0.5449069 1.5088005 0.0014575 0.9226280 0.3740040 0.0942144
43.700000 -0.0244213 -0.5279061 1.4574802 -0.0033130 0.9221011 0.3721844 0.1058179
43.966667 -0.0131763 -0.5125205 1.4191562 -0.0069502 0.9200092 0.3760876 0.1099679
44.233333 0.0125058 -0.4915177 1.3789867 -0.0090901 0.9180108 0.3832029 0.1016324
44.466667 0.0422822 -0.4718013 1.3363907 -0.0025198 0.9148579 0.3912145 0.0998996
44.666667 0.0691016 -0.4553452 1.3049190 -0.0080335 0.9139056 0.3972115 0.0832774
44.866667 0.0809835 -0.4401749 1.2750190 -0.0145780 0.9099332 0.4064686 0.0811928
45.066667 0.0934855 -0.4186367 1.2406307 -0.0302546 0.9132128 0.3996314 0.0736326
45.266667 0.1030092 -0.3970222 1.1954666 -0.0097219 0.9161504 0.3920681 0.0828042
45.466667 0.1091312 -0.3784706 1.1435428 -0.0037192 0.9132546 0.3964573 0.0936686
45.666667 0.1120155 -0.3622234 1.1011515 -0.0071596 0.9086893 0.4029213 0.1090273
45.866667 0.1218467 -0.3413793 1.0582941 -0.0059642 0.9045140 0.4135093 0.1040625
46.066667 0.1395054 -0.3198225 1.0115297 -0.0009483 0.9080239 0.4078063 0.0958421
46.266667 0.1591195 -0.3033654 0.9645161 0.0073159 0.9070713 0.4099262 0.0955440
46.466667 0.1695571 -0.2904473 0.9246661 0.0044810 0.9117392 0.4035286 0.0766561
46.633333 0.1731097 -0.2771040 0.8923061 0.0051385 0.9136353 0.4011032 0.0660347
46.833333 0.1678673 -0.2574085 0.8528653 0.0022005 0.9139764 0.3978576 0.0796971
47.033333 0.1571009 -0.2398226 0.8070356 0.0070237 0.9093744 0.3999088 0.1142886
47.166667 0.1485286 -0.2309762 0.7752935 0.0036862 0.9061357 0.4024844 0.1300412
47.300000 0.1381562 -0.2211051 0.7495456 0.0037160 0.9022458 0.4054829 0.1467051
47.433333 0.1351377 -0.2110300 0.7268326 0.0017339 0.8999491 0.4102516 0.1475883
47.600000 0.1341627 -0.1973663 0.7006914 -0.0007601 0.8964484 0.4150058 0.1554025
47.733333 0.1383441 -0.1850820 0.6769766 -0.0027501 0.8932939 0.4188679 0.1629975
47.866667 0.1446499 -0.1720423 0.6519502 0.0033191 0.8921877 0.4148557 0.1785634
48.000000 0.1514403 -0.1630541 0.6211452 -0.0062818 0.8898635 0.4200921 0.1778375
48.133333 0.1577186 -0.1503612 0.5943082 -0.0025037 0.8928872 0.4142899 0.1763807
48.266667 0.1563431 -0.1434312 0.5697340 0.0059183 0.8901762 0.4188315 0.1792527
48.400000 0.1594251 -0.1311704 0.5479105 -0.0020423 0.8901550 0.4215223 0.1730291
48.533333 0.1604602 -0.1192981 0.5266784 0.0045066 0.8852066 0.4248182 0.1895216
48.700000 0.1594997 -0.1061516 0.4997764 0.0043412 0.8757499 0.4235054 0.2317034
48.966667 0.1506655 -0.0939002 0.4541619 0.0023843 0.8426079 0.4312013 0.3226014
49.100000 0.1495613 -0.0912534 0.4367792 -0.0016759 0.8318638 0.4213848 0.3611574
49.233333 0.1527969 -0.0868567 0.4240076 -0.0115231 0.8150387 0.4227460 0.3960618
49.366667 0.1645852 -0.0803831 0.4150766 -0.0207674 0.7964190 0.4273858 0.4273487
49.500000 0.1799270 -0.0718887 0.4072495 -0.0316052 0.7806039 0.4203219 0.4615063
49.600000 0.1943380 -0.0671690 0.4015546 -0.0418814 0.7700391 0.4147650 0.4829656
49.800000 0.2131931 -0.0658782 0.3907481 -0.0613630 0.7423917 0.4077094 0.5280741
49.900000 0.2186259 -0.0659623 0.3853785 -0.0650220 0.7258301 0.4041225 0.5528362
50.033333 0.2235783 -0.0643628 0.3790822 -0.0729484 0.7061369 0.3890339 0.5871131
50.133333 0.2249708 -0.0618392 0.3734047 -0.0813057 0.6884515 0.3715012 0.6175846
50.266667 0.2211385 -0.0575599 0.3635252 -0.0886705 0.6475617 0.3449436 0.6736581
50.366667 0.2154856 -0.0550459 0.3544919 -0.0949124 0.6067594 0.3215773 0.7207099
50.466667 0.2059879 -0.0530138 0.3478281 -0.1039766 0.5686604 0.2961103 0.7603505
50.600000 0.1929951 -0.0508855 0.3395723 -0.1083050 0.5210149 0.2724760 0.8016049
50.733333 0.1792158 -0.0510642 0.3349530 -0.1062225 0.4825786 0.2516388 0.8321735
50.866667 0.1630793 -0.0515970 0.3318108 -0.0959830 0.4420536 0.2280198 0.8621966
50.966667 0.1488765 -0.0520588 0.3284000 -0.0888973 0.4077377 0.2104775 0.8840511
51.100000 0.1297459 -0.0529659 0.3192829 -0.0782535 0.3601435 0.1930874 0.9093351
51.233333 0.1075150 -0.0482446 0.3088265 -0.0710820 0.3139611 0.1714576 0.9311166
51.366667 0.0836417 -0.0438830 0.2959534 -0.0696030 0.2807336 0.1485266 0.9456659
51.500000 0.0644040 -0.0367418 0.2800602 -0.0694334 0.2453227 0.1251434 0.9588196
51.633333 0.0502690 -0.0320230 0.2642607 -0.0695788 0.2216662 0.1084345 0.9665738
52.100000 0.0299123 -0.0187755 0.2044027 -0.0512002 0.0829201 0.0381544 0.9945084
54.300000 -0.0706180 0.0491096 -0.0252595 -0.0152188 -0.4042803 -0.1486998 0.9023382
55.966667 0.0271236 0.0343750 0.0604296 -0.0123847 0.2201550 0.0911163 0.9711211
56.333333 0.0443180 0.0378436 0.0557746 -0.0107627 0.3402271 0.1338164 0.9307110
7.533333 -0.1565874 0.0275923 0.1004682 -0.1718169 -0.1166359 -0.0677811 0.9758487
9.000000 -0.0695184 0.0543653 0.0886999 -0.2131191 -0.0500203 -0.0277954 0.9753490
10.500000 -0.0585458 0.0352122 0.1075831 -0.1320563 0.3791387 0.2268002 0.8873425
10.800000 -0.0535457 0.0391762 0.0734806 -0.0956127 0.4236771 0.2470600 0.8662086
13.433333 -0.0580661 0.0068080 0.1004152 -0.0323615 0.4440678 0.2118628 0.8699832
14.866667 0.0279582 -0.0150748 0.1728099 -0.0648553 0.1874014 0.1160389 0.9732469
18.000000 0.0272734 -0.0026330 0.1861346 -0.1616957 -0.2771104 -0.1462040 0.9357825
18.233333 0.0420056 -0.0060249 0.1933678 -0.1580898 -0.2863455 -0.1557175 0.9320762
0.000000 -0.1356545 -1.9147997 5.1488094 -0.0080387 0.7917867 0.6107029 0.0071537
0.233333 -0.1218775 -1.9345584 5.1439161 -0.0007169 0.8221419 0.5692813 0.0009845
0.300000 -0.1198058 -1.9391384 5.1417494 -0.0000059 -0.8288128 -0.5595248 0.0011192
0.366667 -0.1177989 -1.9441540 5.1395335 0.0011852 -0.8362696 -0.5483128 0.0021754
0.500000 -0.1150387 -1.9560943 5.1344008 -0.0009541 -0.8518409 -0.5237971 0.0016487
0.533333 -0.1148943 -1.9590452 5.1325727 -0.0021633 -0.8560781 -0.5168411 0.0010324
0.566667 -0.1145619 -1.9620738 5.1317902 0.0022568 0.8601244 0.5100793 0.0001831
1.033333 -0.1273869 -1.9965875 5.1173968 0.0045732 0.9016105 0.4322757 0.0146741
3.900000 -0.0938394 -1.9830031 5.0780993 -0.0068175 -0.9006874 -0.4121626 0.1372506
5.533333 -0.0898294 -1.9488173 5.0415173 -0.0618455 -0.7479270 -0.3809915 0.5400239
6.200000 -0.0659695 -1.9517542 5.0553341 -0.0689436 -0.6691095 -0.3472500 0.6534192
7.200000 -0.0658317 -1.9763832 5.1576190 -0.1064863 -0.5642892 -0.3168327 0.7548877
8.266667 -0.0825615 -1.9397073 5.0757914 -0.1307484 -0.5621635 -0.3144984 0.7536364
8.633333 -0.0884447 -1.9261328 5.0419459 -0.1284755 -0.5987090 -0.3425576 0.7125279
8.866667 -0.0981712 -1.9190328 5.0288692 -0.1226277 -0.6316870 -0.3708332 0.6696392
9.300000 -0.1173000 -1.9193254 5.0183325 -0.0932390 -0.7178363 -0.4151182 0.5510848
9.566667 -0.1231942 -1.9206419 5.0171089 -0.0774777 -0.7533943 -0.4331695 0.4886291
12.000000 -0.1402888 -1.8416426 4.8042822 -0.0863694 -0.7537376 -0.4010521 0.5133978
14.400000 0.0608749 -1.8097581 4.7364960 -0.0960432 -0.4552763 -0.2493775 0.8492998
14.733333 0.0859160 -1.8049335 4.7087173 -0.0884764 -0.5090870 -0.2606224 0.8155234
15.100000 0.1043415 -1.7852544 4.6594758 -0.0886792 -0.5826811 -0.2923095 0.7531095
22.000000 -0.0142502 -1.5284319 3.9559329 -0.0010165 0.9244946 0.3807561 0.0182629
24.700000 -0.1192849 -1.4056703 3.4967334 0.0155438 0.9681386 0.2445819 0.0514372
26.833333 -0.0862912 -1.2786715 3.1412308 0.0354753 0.9736423 0.2080875 0.0863812
30.333333 -0.0188870 -1.0936490 2.6452794 0.0886987 0.9521117 0.1631521 0.2428935
31.700000 0.0006756 -0.9546126 2.3588395 0.0336351 0.9680609 0.2291006 0.0961230
38.833333 -0.4259439 -0.6074246 1.6399829 -0.0050240 0.9313226 0.3625042 0.0346945
39.233333 -0.4982944 -0.6325972 1.6702256 -0.0056480 0.9175005 0.3546797 0.1798978
40.233333 -0.4597417 -0.6639926 1.7538816 0.0059518 0.8896115 0.3575027 0.2841617
40.700000 -0.3962587 -0.6732793 1.7864987 0.0031556 0.8924376 0.3537839 0.2799679
41.033333 -0.3596188 -0.6651975 1.7823168 -0.0004731 0.8898591 0.3417018 0.3023083
42.566667 -0.1087934 -0.5995568 1.6232830 0.0090745 0.9186993 0.3671135 0.1453853
48.733333 0.1587508 -0.1038233 0.4948991 0.0077856 0.8718728 0.4241043 0.2447707
2.600000 -0.0180934 0.0029235 -0.0175586 -0.0129135 -0.4699032 -0.1722749 0.8656475
5.133333 -0.0483106 0.0039200 0.0072598 -0.0088369 -0.3359856 -0.1359827 0.9319572
2.933333 -0.0146591 -0.0003275 -0.0085195 -0.0058728 -0.4890656 -0.1825384 0.8529127
3.133333 -0.0109840 -0.0035912 -0.0007569 -0.0071177 -0.4906264 -0.1831142 0.8518828
7.700000 -0.1596847 0.0366431 0.0964868 -0.1890964 -0.1373712 -0.0674037 0.9699631
7.900000 -0.1610950 0.0463030 0.0903132 -0.2081623 -0.1347871 -0.0689584 0.9663052
10.333333 -0.0619839 0.0338338 0.1190424 -0.1507080 0.3359881 0.2065664 0.9064929
14.633333 0.0272383 -0.0090384 0.1546618 -0.0575998 0.2495365 0.1459880 0.9555634
17.066667 -0.0163653 0.0127672 0.1599091 -0.1682092 -0.2483948 -0.1449487 0.9428657
0.000000 0.0461251 -0.0192956 0.0011332 -0.0092228 -0.0215754 0.0001217 0.9997247
0.900000 0.0225485 -0.0076662 0.0363032 -0.0132947 -0.3826277 -0.1325545 0.9142476
1.066667 0.0402518 -0.0169687 -0.0105037 -0.0193624 -0.4404188 -0.1345427 0.8874428
7.416667 0.0271784 -0.0144396 0.1701045 -0.0637441 0.1982517 0.1206382 0.9706078
7.583333 0.0440843 -0.0179388 0.1907832 -0.0774731 0.0782935 0.0596910 0.9921215
4.800000 -0.0490924 0.0408649 0.1105350 -0.1876949 0.0691290 0.0478603 0.9786221
7.466667 0.0302453 -0.0158928 0.1773282 -0.0661426 0.1651971 0.1067103 0.9782372
0.000000 -0.0002010 0.0000372 -0.0000794 0.0000661 0.0000736 -0.0001871 1.0000000
5.116667 -0.0653837 0.0329026 0.1245316 -0.1571383 0.3064557 0.1924369 0.9188910
6.866667 -0.0154166 0.0074510 0.0938488 -0.0382364 0.3857408 0.1828205 0.9035036
7.483333 0.0316176 -0.0164779 0.1797331 -0.0672467 0.1539271 0.1012374 0.9805791
8.000000 0.0416142 -0.0148627 0.1844374 -0.0932625 -0.1725530 -0.0646609 0.9784409
8.200000 0.0068428 -0.0026698 0.1708993 -0.1281625 -0.2207921 -0.0999153 0.9616871
0.000000 -0.0002653 -0.0000242 -0.0001003 0.0000553 0.0001261 -0.0002344 1.0000000
0.400000 0.0084067 -0.0051395 0.0288228 -0.0140528 -0.1430628 -0.0484624 0.9884265
0.433333 0.0126810 -0.0075029 0.0333323 -0.0124039 -0.1597151 -0.0582567 0.9853646
0.616667 0.0327205 -0.0129438 0.0469221 -0.0093623 -0.2470529 -0.1027054 0.9634982
0.650000 0.0330854 -0.0123082 0.0462585 -0.0078329 -0.2652105 -0.1100645 0.9578559
0.683333 0.0327772 -0.0115147 0.0444073 -0.0083242 -0.2844400 -0.1143064 0.9518186
1.150000 -0.0157360 0.0061522 -0.0185321 -0.0138013 -0.4380526 -0.1535194 0.8856362
2.266667 -0.0322179 0.0071181 -0.0167217 -0.0073658 -0.3833070 -0.1460056 0.9119780
2.383333 -0.0385478 0.0081732 -0.0145373 -0.0068648 -0.3624784 -0.1433624 0.9208743
3.333333 -0.1473644 -0.0107164 0.0701088 -0.0383120 -0.1433400 -0.0536083 0.9874776
3.500000 -0.1535226 -0.0040293 0.0830878 -0.0722395 -0.1073169 -0.0428645 0.9906701
4.833333 -0.0531831 0.0398887 0.1151150 -0.1839252 0.0966253 0.0630323 0.9761465
5.016667 -0.0675380 0.0324618 0.1264149 -0.1676224 0.2360567 0.1599532 0.9437134
