0.000000 0.0000000 0.0000000 0.0000000 -0.0000000 -0.0000000 -0.0000000 1.0000000
1.200000 -0.0206761 0.0020082 0.0107718 -0.0208709 -0.0601443 -0.0699574 0.9955165
2.133333 -0.0199581 0.0022206 -0.0017769 0.0121977 -0.0460817 -0.0631517 0.9968649
2.666667 0.0021286 0.0116581 0.0114956 -0.0701682 0.0594509 0.0304441 0.9952965
3.000000 -0.0369007 -0.0012841 0.0002895 0.0248122 -0.0812548 -0.0791656 0.9932345
3.400000 0.0249181 -0.0152045 -0.0035767 0.0978538 0.1521894 0.0728628 0.9807925
3.566667 0.0185057 0.0078999 0.0169765 -0.0451980 0.1247543 0.0571822 0.9895068
3.633333 0.0052480 0.0148843 0.0232465 -0.0965006 0.0744412 0.0122495 0.9924697
3.766667 -0.0359241 0.0282203 0.0198470 -0.1336178 -0.0773129 -0.0907679 0.9838344
3.866667 -0.0567144 0.0259476 0.0078050 -0.0838059 -0.1473008 -0.1464730 0.9745895
4.433333 -0.0152265 -0.0330057 -0.0555685 0.3586241 -0.0019030 -0.0244131 0.9331608
4.500000 -0.0024964 -0.0315811 -0.0534210 0.3576629 0.0548828 0.0068128 0.9322118
4.800000 0.0414230 -0.0204962 -0.0198114 0.1688588 0.2111063 0.1119455 0.9562370
5.033333 0.0453985 -0.0131581 -0.0055654 0.0707640 0.2045160 0.1203244 0.9688590
5.133333 0.0486368 -0.0188166 -0.0061554 0.0959240 0.2257456 0.1219908 0.9617462
6.400000 -0.0039159 -0.0233399 -0.0106347 0.1378340 0.0293241 -0.0017487 0.9900196
6.900000 0.0455962 -0.0249742 -0.0038845 0.1204318 0.2774892 0.1435470 0.9422793
7.033333 0.0233446 -0.0283202 0.0015509 0.1210984 0.1804924 0.0985117 0.9711092
7.333333 -0.0426869 -0.0213060 -0.0097428 0.1164900 -0.1022650 -0.0497374 0.9866601
7.433333 -0.0591707 -0.0144653 -0.0202824 0.1067374 -0.1843692 -0.0973220 0.9721850
8.533333 0.0561690 -0.0136592 -0.0136220 0.0996397 0.3122764 0.1762595 0.9281638
8.633333 0.0481995 -0.0159352 -0.0105440 0.1004788 0.2823044 0.1617044 0.9402446
9.300000 -0.0853249 0.0156029 -0.0604559 0.0896176 -0.3500316 -0.1955929 0.9116963
9.366667 -0.0838106 0.0165242 -0.0597575 0.0898577 -0.3552658 -0.1990220 0.9089016
10.400000 -0.0026627 -0.0541422 -0.0604133 0.3984222 0.0055324 0.0175009 0.9170184
10.466667 -0.0060953 -0.0613812 -0.0788741 0.4421171 -0.0041126 0.0182401 0.8967624
10.533333 -0.0084182 -0.0697794 -0.1022086 0.4941294 -0.0113158 0.0217098 0.8690436
11.600000 -0.0102142 0.0260858 0.0212313 -0.1346089 -0.0353144 -0.0428332 0.9893425
12.033333 -0.0061750 -0.0493815 -0.0793473 0.4058946 -0.0544637 -0.0184767 0.9121085
13.266667 -0.0127924 0.0522770 0.0097556 -0.2336499 -0.0788144 -0.0756632 0.9661631
13.366667 -0.0114614 0.0426202 0.0116406 -0.1813045 -0.0823942 -0.0744714 0.9771355
13.466667 -0.0128041 0.0226598 0.0050889 -0.0768532 -0.0813308 -0.0719666 0.9911103
13.700000 -0.0086758 -0.0324174 -0.0477947 0.2559282 -0.0662553 -0.0412727 0.9635391
13.866667 -0.0028434 -0.0513069 -0.0955699 0.4241724 -0.0571516 -0.0054977 0.9037595
13.933333 -0.0026300 -0.0587027 -0.1158838 0.4764917 -0.0545337 0.0073119 0.8774556
14.000000 -0.0048889 -0.0618397 -0.1316396 0.5097374 -0.0511317 0.0143292 0.8586897
14.033333 -0.0040332 -0.0631570 -0.1344896 0.5160214 -0.0487235 0.0158809 0.8550414
14.066667 -0.0032856 -0.0618650 -0.1353743 0.5181308 -0.0463199 0.0171685 0.8538736
14.133333 -0.0056964 -0.0598507 -0.1290043 0.4904225 -0.0397501 0.0180287 0.8703911
14.266667 -0.0059494 -0.0217989 -0.0664504 0.3462360 -0.0344849 -0.0014601 0.9375123
14.533333 0.0013322 0.0046030 -0.0048778 0.0139739 -0.0082107 -0.0043696 0.9998592
14.633333 0.0259967 -0.0150948 -0.0054960 0.0516915 0.0986910 0.0426092 0.9928608
14.766667 0.0389910 -0.0512465 -0.0331645 0.2903277 0.1536800 0.0922806 0.9399876
14.900000 0.0158156 -0.0633261 -0.0722448 0.4181385 0.0244955 0.0522244 0.9065499
15.000000 0.0000836 -0.0712586 -0.0946828 0.3867821 -0.1308797 -0.0275619 0.9124201
15.066667 -0.0182394 -0.0574930 -0.1173786 0.3143512 -0.2020350 -0.0801560 0.9240889
15.400000 -0.0205986 0.0246611 0.0179670 -0.0957927 -0.0547142 -0.1024033 0.9886069
15.566667 0.0284506 -0.0007367 0.0183746 -0.0424064 0.1439621 0.0333400 0.9881119
15.700000 0.0534553 -0.0272149 -0.0002122 0.1025898 0.2168240 0.1145369 0.9640249
15.833333 0.0283434 -0.0555723 -0.0334491 0.3003794 0.1641724 0.1385897 0.9293076
15.933333 0.0229248 -0.0555282 -0.0670258 0.3796927 0.0318736 0.0924339 0.9199313
16.033333 -0.0034605 -0.0604421 -0.0850325 0.3812463 -0.0825529 0.0358872 0.9200807
17.633333 -0.0891110 0.0026416 -0.0487325 0.1367735 -0.2026205 -0.0983483 0.9646583
18.400000 -0.0878989 -0.0705647 0.0326227 0.1406195 -0.4040743 -0.2243701 0.8755616
18.566667 -0.0920893 -0.0817462 0.0474508 0.1344700 -0.4166524 -0.2274286 0.8698246
19.000000 -0.1624213 -0.0604764 0.0401086 0.1290843 -0.3102919 -0.1895888 0.9225575
19.800000 -0.3089501 -0.1493628 0.1838841 0.0929149 -0.2797394 -0.1730636 0.9397669
21.866667 -0.4489802 -0.0058799 0.0270927 0.0796407 0.2779428 0.1937480 0.9374790
22.033333 -0.4364729 -0.0016714 0.0204892 0.0786153 0.2673388 0.1860402 0.9421988
22.166667 -0.4063378 0.0033484 0.0080484 0.0807641 0.2378291 0.1649769 0.9537805
22.333333 -0.3660028 0.0123695 -0.0055008 0.0788445 0.1898527 0.1320864 0.9696869
22.566667 -0.3315472 0.0269552 -0.0189338 0.0655674 0.1291780 0.0944308 0.9849349
23.100000 -0.3756980 0.0296984 -0.0228529 0.0643150 0.0503962 0.0477669 0.9955110
23.300000 -0.4397915 0.0171464 -0.0033341 0.0706809 0.0675698 0.0485735 0.9940217
23.466667 -0.4943866 0.0089290 0.0153302 0.0711280 0.0745377 0.0543126 0.9931944
23.666667 -0.5315006 -0.0000455 0.0355709 0.0630342 0.0884487 0.0603404 0.9922513
23.866667 -0.5400904 -0.0183177 0.0638501 0.0597620 0.0967142 0.0625351 0.9915464
24.033333 -0.5381412 -0.0403814 0.0871496 0.0688083 0.0904203 0.0711727 0.9909713
24.233333 -0.5353864 -0.0641379 0.1131038 0.0720881 0.0969444 0.0741597 0.9899017
25.133333 -0.6875119 -0.1554541 0.2515221 0.0444689 0.2339669 0.1465394 0.9601085
25.333333 -0.6585217 -0.1825910 0.2819335 0.0560702 0.2237278 0.1537185 0.9608187
25.766667 -0.6358651 -0.2298026 0.3484222 0.0461287 0.3251766 0.2302202 0.9160410
26.000000 -0.6761912 -0.2594043 0.3844194 0.0552310 0.3912010 0.2867915 0.8727325
26.200000 -0.6957060 -0.2647401 0.4032471 0.0465847 0.4500656 0.3268127 0.8297375
26.400000 -0.7051989 -0.2652238 0.4096123 0.0368174 0.4933320 0.3509284 0.7950580
26.533333 -0.7080979 -0.2644040 0.4103099 0.0336728 0.4976425 0.3563690 0.7900755
26.933333 -0.7198997 -0.2367114 0.3641715 0.0249720 0.4054814 0.2951691 0.8647754
27.100000 -0.7295477 -0.2168601 0.3372002 0.0203902 0.3390073 0.2442070 0.9083068
27.300000 -0.7511072 -0.1891779 0.3177190 0.0049075 0.2552880 0.1979032 0.9463817
28.000000 -0.9830449 -0.2028148 0.3461245 0.0082441 0.1606824 0.1239420 0.9791586
28.200000 -1.0143448 -0.2081613 0.3602248 -0.0002296 0.1487510 0.1025857 0.9835392
28.466667 -1.0091836 -0.2346330 0.3943310 0.0053356 0.1562326 0.0960741 0.9830222
28.666667 -0.9859774 -0.2699725 0.4226370 0.0239734 0.1510369 0.0955604 0.9836063
28.900000 -0.9659898 -0.2900059 0.4548427 0.0168520 0.1670151 0.1177923 0.9787477
29.133333 -0.9798577 -0.3085696 0.4760572 0.0211064 0.2461076 0.1967836 0.9488213
29.333333 -1.0259628 -0.3174322 0.4886017 0.0363619 0.3243162 0.2447604 0.9130111
29.533333 -1.0613418 -0.3204942 0.4948981 0.0416103 0.3844280 0.2808708 0.8784050
29.733333 -1.0866570 -0.3254843 0.4990510 0.0478769 0.4339278 0.2908201 0.8513743
29.900000 -1.0929048 -0.3346111 0.4999917 0.0650005 0.4575427 0.2823034 0.8406749
30.066667 -1.0953009 -0.3517984 0.4945840 0.1267449 0.4804711 0.2537680 0.8298705
30.200000 -1.0977848 -0.3635518 0.4920770 0.1764127 0.4647331 0.2394441 0.8340073
30.366667 -1.0887825 -0.3685182 0.4919248 0.1868106 0.4120077 0.2196342 0.8643566
30.533333 -1.0621777 -0.3700188 0.4902301 0.2014309 0.2615958 0.1658525 0.9292396
30.700000 -1.0408003 -0.3665456 0.4815117 0.2115297 0.1793458 0.1176485 0.9535456
32.000000 -1.1078714 -0.2886810 0.4054231 0.1250925 -0.2863018 -0.1728649 0.9340776
32.133333 -1.1502193 -0.2689194 0.3858692 0.1202485 -0.2757001 -0.1754502 0.9374151
32.266667 -1.1958587 -0.2429836 0.3649431 0.1131810 -0.2507910 -0.1729771 0.9457129
32.533333 -1.2410996 -0.2324080 0.3648338 0.1025449 -0.1932064 -0.1485836 0.9644059
32.666667 -1.2626644 -0.2424501 0.3847324 0.0951617 -0.1762343 -0.1343688 0.9704797
32.933333 -1.3028624 -0.2841243 0.4333667 0.0882526 -0.1703222 -0.1071204 0.9755650
33.066667 -1.3177199 -0.2992795 0.4536304 0.0848691 -0.1364164 -0.0898242 0.9829138
33.400000 -1.3943322 -0.3193866 0.4876208 0.0943592 0.0291345 0.0224375 0.9948589
33.633333 -1.4605293 -0.3245532 0.5012329 0.0975287 0.1794868 0.1207264 0.9714411
33.800000 -1.4756373 -0.3203392 0.5027186 0.0969856 0.2797548 0.1769415 0.9386281
34.000000 -1.4569969 -0.2958575 0.4708940 0.0957959 0.3569344 0.2221746 0.9022525
34.166667 -1.4376435 -0.2628151 0.4286523 0.1001985 0.4123261 0.2590116 0.8676754
34.333333 -1.4217269 -0.2298467 0.3816780 0.1003864 0.4470599 0.2886540 0.8406776
34.533333 -1.3995974 -0.1833482 0.3267361 0.0817903 0.4949861 0.3273596 0.8007089
34.666667 -1.3886330 -0.1615655 0.3056842 0.0730890 0.5157623 0.3482300 0.7793479
34.833333 -1.3521364 -0.1427826 0.2829159 0.0716905 0.5692046 0.3887561 0.7209266
34.966667 -1.2985344 -0.1444806 0.2795126 0.0635353 0.6270231 0.4269143 0.6484979
35.100000 -1.2459898 -0.1543578 0.2792150 0.0612403 0.6758814 0.4597870 0.5727389
35.200000 -1.2148012 -0.1570362 0.2873163 0.0508348 0.7033164 0.4826039 0.5194761
35.366667 -1.1815255 -0.1636540 0.2912703 0.0407678 0.7378345 0.5054518 0.4454849
35.400000 -1.1720572 -0.1629789 0.2913114 0.0367743 0.7459779 0.5106816 0.4258745
35.500000 -1.1547861 -0.1620573 0.2901049 0.0307844 0.7568808 0.5128719 0.4039137
35.600000 -1.1294360 -0.1538993 0.2843632 0.0281107 0.7581391 0.5180762 0.3950088
35.733333 -1.0859489 -0.1366692 0.2654586 0.0419401 0.7515787 0.5285572 0.3924257
35.833333 -1.0483557 -0.1261103 0.2454473 0.0532612 0.7423983 0.5364867 0.3977311
35.966667 -1.0043498 -0.1134831 0.2260600 0.0565012 0.7309651 0.5356743 0.4189878
36.033333 -0.9779333 -0.1096325 0.2167692 0.0534382 0.7278041 0.5308152 0.4309070
36.100000 -0.9544662 -0.1053696 0.2127603 0.0488774 0.7223656 0.5288595 0.4428394
36.233333 -0.8898464 -0.0992860 0.2106686 0.0459879 0.7075421 0.5190635 0.4773283
36.300000 -0.8556906 -0.0988305 0.2128724 0.0494208 0.6991242 0.5166180 0.4918219
36.366667 -0.8192664 -0.1055285 0.2094343 0.0542082 0.6956873 0.5123338 0.5005945
36.433333 -0.7865254 -0.1089460 0.2062683 0.0606342 0.6942345 0.5062584 0.5080004
36.500000 -0.7543464 -0.1075850 0.2037151 0.0588387 0.6866004 0.5119440 0.5128657
36.600000 -0.7064048 -0.0995492 0.1926233 0.0611246 0.6758709 0.5080789 0.5303943
36.833333 -0.6075356 -0.0575675 0.1561495 0.0653462 0.6069707 0.4545672 0.6486025
36.966667 -0.5463058 -0.0338314 0.1053146 0.0610240 0.5505865 0.4087007 0.7253236
37.166667 -0.4751453 -0.0187199 0.0748330 0.0594230 0.4518190 0.3475093 0.8194911
37.433333 -0.3594183 -0.0390156 0.0883928 0.0581177 0.3621183 0.2778835 0.8878476
37.700000 -0.2807081 -0.0602911 0.0980400 0.0705769 0.2218477 0.1652230 0.9583861
38.633333 -0.1707334 0.0829815 -0.1257817 0.0885362 -0.2937727 -0.1740108 0.9357239
39.000000 -0.0887288 0.0982699 -0.1678501 0.0839845 -0.4689655 -0.2804826 0.8332751
39.166667 -0.0477573 0.1066137 -0.1782846 0.0781619 -0.5322315 -0.3184776 0.7805078
39.266667 -0.0292236 0.1113900 -0.1866933 0.0696554 -0.5636083 -0.3390277 0.7500360
39.666667 -0.0068897 0.1422417 -0.2329657 0.0484853 -0.6688532 -0.4015969 0.6237022
39.900000 -0.0046684 0.1667442 -0.2644743 0.0303885 -0.7252163 -0.4304956 0.5364805
39.966667 -0.0046888 0.1741253 -0.2729807 0.0271708 -0.7409661 -0.4377117 0.5085660
40.033333 -0.0039052 0.1809501 -0.2802763 0.0232804 -0.7539057 -0.4463160 0.4815457
40.100000 -0.0026441 0.1879365 -0.2883007 0.0191013 -0.7654755 -0.4559087 0.4536847
40.166667 -0.0021633 0.1953012 -0.2938597 0.0162286 -0.7755252 -0.4648790 0.4268312
40.233333 -0.0024394 0.2003173 -0.2984169 0.0111839 -0.7840300 -0.4727996 0.4020354
40.766667 -0.0399413 0.2091768 -0.3028716 0.0274693 -0.7238191 -0.4573151 0.5159402
40.866667 -0.0447561 0.2083830 -0.3022426 0.0321665 -0.7071096 -0.4480171 0.5461153
41.066667 -0.0537226 0.2049927 -0.2947704 0.0374695 -0.6671579 -0.4204860 0.6137490
41.133333 -0.0543490 0.2011936 -0.2917508 0.0394740 -0.6533549 -0.4115816 0.6341686
41.400000 -0.0574803 0.1898790 -0.2773456 0.0484009 -0.5997750 -0.3783734 0.7033924
41.600000 -0.0558280 0.1802351 -0.2679700 0.0545553 -0.5748617 -0.3603506 0.7326017
42.200000 -0.0434837 0.1506764 -0.2350984 0.0792166 -0.4503292 -0.2763807 0.8453059
42.400000 -0.0437396 0.1499461 -0.2352129 0.0789242 -0.4572879 -0.2791407 0.8406779
42.766667 -0.0508917 0.1694841 -0.2516274 0.0539987 -0.5419946 -0.3359735 0.7684060
43.133333 -0.0592747 0.1917773 -0.2648996 0.0108622 -0.5561609 -0.3739192 0.7421263
43.266667 -0.0706964 0.1929967 -0.2546638 0.0124608 -0.4952720 -0.3466528 0.7964812
43.400000 -0.0789203 0.1842044 -0.2420315 0.0232327 -0.4235903 -0.3069013 0.8519643
43.600000 -0.0933569 0.1594834 -0.2025588 0.0432511 -0.3053395 -0.2340642 0.9220147
43.866667 -0.1146955 0.1029385 -0.1300807 0.0581404 -0.1868171 -0.1502249 0.9690983
44.766667 -0.4137699 0.0437474 -0.0299697 0.0616344 -0.1870352 -0.1178922 0.9733039
45.233333 -0.5365289 -0.0482709 0.0774749 0.0768338 -0.2531559 -0.1729124 0.9487413
45.500000 -0.6571757 -0.0574899 0.0913031 0.0874641 -0.2411635 -0.1701206 0.9514459
45.766667 -0.7416596 -0.0723556 0.1241636 0.0831934 -0.2094717 -0.1571179 0.9615168
46.000000 -0.7976421 -0.1113111 0.1912161 0.0823374 -0.2004211 -0.1395992 0.9662112
46.466667 -0.8949984 -0.1876185 0.2907549 0.0642979 -0.1186360 -0.1137489 0.9843031
46.933333 -1.0885574 -0.1557759 0.2576159 0.0809305 0.0162322 -0.0060694 0.9965691
47.166667 -1.1750797 -0.1519993 0.2540071 0.0849933 -0.0117272 -0.0265237 0.9959594
47.400000 -1.2433214 -0.1652844 0.2934950 0.0714700 -0.0892583 -0.0670982 0.9911725
47.633333 -1.2978152 -0.2022709 0.3427275 0.0421211 -0.1575571 -0.1112988 0.9803134
47.833333 -1.3376721 -0.2216172 0.3787916 0.0167792 -0.1755090 -0.1370338 0.9747496
48.033333 -1.3860532 -0.2288451 0.4032728 0.0040809 -0.1422454 -0.1302391 0.9812173
48.400000 -1.5383997 -0.2230474 0.3936708 0.0244096 -0.0692441 -0.0715375 0.9947320
48.566667 -1.6006393 -0.2185825 0.3942500 0.0190696 -0.1023846 -0.1074743 0.9887381
48.733333 -1.6632402 -0.2256016 0.4255379 -0.0101064 -0.1556016 -0.1600005 0.9747235
48.900000 -1.7161932 -0.2573961 0.4687560 -0.0215776 -0.2093832 -0.1836654 0.9601876
49.066667 -1.7625647 -0.2890719 0.5097325 -0.0301509 -0.2266531 -0.1955438 0.9536676
49.200000 -1.7980821 -0.3016238 0.5307299 -0.0289231 -0.2146241 -0.1911508 0.9573721
49.333333 -1.8410538 -0.3066878 0.5446185 -0.0187355 -0.1603131 -0.1555499 0.9745527
49.666667 -2.0023475 -0.2801383 0.5129859 -0.0030681 -0.0275487 -0.0475354 0.9984848
49.800000 -2.0473728 -0.2800341 0.5087138 0.0142176 -0.0006124 -0.0362931 0.9992399
49.966667 -2.0913103 -0.2879410 0.5271175 0.0237693 0.0278666 -0.0435283 0.9983806
50.266667 -2.1643190 -0.3455305 0.5937282 0.0371521 0.0095832 -0.0120302 0.9991913
50.533333 -2.2344077 -0.3815920 0.6451344 0.0295239 -0.0164965 -0.0290829 0.9990047
50.933333 -2.4407976 -0.3874149 0.6714545 0.0366336 0.0426658 0.0296656 0.9979767
51.100000 -2.4944570 -0.3941005 0.6856962 0.0398414 0.0788148 0.0471248 0.9949775
51.266667 -2.5339868 -0.4104472 0.7254301 0.0333223 0.0984110 0.0497209 0.9933442
51.400000 -2.5540144 -0.4356120 0.7645867 0.0372777 0.1165953 0.0708042 0.9899509
51.500000 -2.5599637 -0.4602706 0.7860952 0.0407718 0.1493472 0.0963215 0.9832371
51.600000 -2.5706985 -0.4759756 0.8122035 0.0372533 0.1728072 0.1039596 0.9787453
51.733333 -2.5809226 -0.4967151 0.8350905 0.0427467 0.2049550 0.1160420 0.9709277
51.866667 -2.5999844 -0.5105740 0.8557637 0.0462339 0.2482250 0.1407439 0.9573076
52.600000 -2.8609934 -0.5927513 0.9652166 0.0993614 0.1235010 0.0920041 0.9830616
52.700000 -2.8646891 -0.6081759 0.9946374 0.0935714 0.0832026 0.0666624 0.9898878
52.800000 -2.8565943 -0.6308823 1.0189413 0.0895121 0.0628903 0.0569111 0.9923676
52.900000 -2.8471448 -0.6545284 1.0419732 0.0934918 0.0489123 0.0364198 0.9937508
53.033333 -2.8343735 -0.6803409 1.0771416 0.0888874 0.0376744 0.0253713 0.9950055
53.133333 -2.8281572 -0.7038563 1.1027788 0.1017239 0.0553177 0.0305843 0.9928025
53.266667 -2.8313112 -0.7302349 1.1352201 0.1305019 0.0944327 0.0502575 0.9856601
53.366667 -2.8448045 -0.7509981 1.1528121 0.1551497 0.1287366 0.0688666 0.9770429
53.466667 -2.8663394 -0.7751917 1.1692460 0.1902900 0.1694957 0.0853073 0.9632152
53.566667 -2.8812301 -0.7941673 1.1782334 0.2286864 0.2018457 0.0966990 0.9474229
53.666667 -2.8980746 -0.8092581 1.1872591 0.2726801 0.2277482 0.0980574 0.9296026
53.766667 -2.9089925 -0.8188938 1.1945951 0.3017203 0.2372988 0.0912923 0.9188688
53.833333 -2.9147978 -0.8269463 1.1983299 0.3280990 0.2376432 0.0801021 0.9107472
53.900000 -2.9155324 -0.8349026 1.1997614 0.3547591 0.2350198 0.0722135 0.9020515
53.966667 -2.9112649 -0.8400481 1.2008177 0.3731762 0.2421021 0.0697434 0.8928953
57.666667 -2.7815292 -0.6558718 1.0843542 0.0170730 0.1862188 0.1271659 0.9740945
57.866667 -2.7615871 -0.6325004 1.0406582 0.0356274 0.2264810 0.1565751 0.9606879
57.900000 -2.7587824 -0.6274965 1.0321895 0.0391629 0.2284959 0.1580468 0.9598318
57.933333 -2.7552497 -0.6210478 1.0202159 0.0435334 0.2282706 0.1584065 0.9596378
57.966667 -2.7514236 -0.6130844 1.0069692 0.0465713 0.2240176 0.1564862 0.9608118
58.000000 -2.7472222 -0.6010842 0.9894435 0.0496558 0.2142799 0.1532146 0.9634022
58.033333 -2.7456486 -0.5968432 0.9817294 0.0509062 0.2099284 0.1516514 0.9645416
58.066667 -2.7409616 -0.5822588 0.9612484 0.0537083 0.1987724 0.1457336 0.9676604
58.100000 -2.7366004 -0.5700840 0.9443902 0.0570531 0.1908186 0.1399783 0.9699172
58.133333 -2.7297027 -0.5544370 0.9219718 0.0581271 0.1813103 0.1347701 0.9724119
58.166667 -2.7251754 -0.5454113 0.9080778 0.0591602 0.1779133 0.1342628 0.9730470
58.233333 -2.7091181 -0.5172160 0.8739272 0.0637217 0.1849894 0.1390630 0.9707626
58.500000 -2.6538613 -0.4512966 0.7816329 0.0744795 0.2302351 0.1841386 0.9526477
58.700000 -2.5975757 -0.4252210 0.7495933 0.0716648 0.2585772 0.2342907 0.9344035
58.900000 -2.5004292 -0.4092998 0.7167163 0.0561281 0.3026139 0.2597527 0.9153158
59.066667 -2.4351375 -0.3929721 0.7084443 0.0035890 0.2987645 0.2820839 0.9116774
59.233333 -2.3927681 -0.3754967 0.6941011 -0.0233582 0.2519155 0.2680703 0.9295866
59.400000 -2.3391800 -0.3335404 0.6395229 0.0023994 0.2401500 0.2226266 0.9448596
59.566667 -2.2794726 -0.2946353 0.5608239 0.0202480 0.2518960 0.2055244 0.9454619
59.833333 -2.1823421 -0.2604578 0.5082276 0.0384668 0.3144820 0.2218370 0.9221766
60.066667 -2.0763912 -0.2719778 0.5088971 0.0351897 0.3402274 0.2369017 0.9093320
60.266667 -1.9810908 -0.2810969 0.5003066 0.0510137 0.4150200 0.2914050 0.8603716
60.433333 -1.9025056 -0.2623345 0.4812623 0.0622208 0.4373718 0.3139706 0.8403910
60.600000 -1.7914338 -0.2238246 0.4324623 0.0701397 0.4306550 0.3067439 0.8458870
60.866667 -1.6434665 -0.1913917 0.3592548 0.0562461 0.4222394 0.3204381 0.8460909
61.066667 -1.5316536 -0.1876824 0.3662740 0.0422154 0.4526500 0.3652491 0.8123540
61.300000 -1.4013871 -0.2149321 0.4006024 0.0232758 0.4830924 0.3759283 0.7904163
61.566667 -1.2547543 -0.1816246 0.3679813 0.0475637 0.4781623 0.3758761 0.7923483
61.866667 -1.0902907 -0.1484381 0.2780078 0.0470105 0.3944201 0.3214097 0.8596038
62.166667 -0.9505469 -0.1856307 0.3256964 0.0235170 0.3675590 0.2488984 0.8957661
62.433333 -0.8684409 -0.2234662 0.3616285 0.0205826 0.3308435 0.2156466 0.9184855
62.800000 -0.8213224 -0.2321794 0.3440153 0.0287720 -0.0376977 -0.0359427 0.9982280
63.200000 -0.8798597 -0.1882603 0.2908442 0.0343178 -0.3872124 -0.2571313 0.8847442
63.533333 -0.9990561 -0.1700992 0.3069689 -0.0314531 -0.2837051 -0.2456287 0.9263847
63.866667 -1.1439538 -0.2357195 0.3494401 0.0614285 -0.4360025 -0.2338558 0.8668563
64.233333 -1.3246444 -0.3160869 0.4374148 0.1350752 -0.4432289 -0.2456021 0.8514590
64.466667 -1.4835593 -0.3135419 0.4399587 0.1525006 -0.4495835 -0.2188631 0.8524771
64.733333 -1.6309574 -0.3199377 0.4349792 0.1820904 -0.4307930 -0.1938455 0.8623714
65.033333 -1.7525936 -0.3637635 0.5128770 0.1554636 -0.4682748 -0.2240743 0.8404406
65.300000 -1.8544660 -0.3994648 0.5641313 0.1090006 -0.5931444 -0.3070702 0.7362109
65.466667 -1.9187278 -0.3902684 0.5707848 0.0896358 -0.6307350 -0.3334167 0.6949620
65.666667 -1.9699824 -0.3732434 0.5495285 0.1137683 -0.6660743 -0.3351029 0.6565881
65.900000 -2.0124397 -0.3619819 0.5513036 0.1780755 -0.6417890 -0.2623515 0.6982605
66.033333 -2.0256972 -0.3711327 0.5607396 0.2109490 -0.5864365 -0.2206808 0.7502618
66.200000 -2.0533547 -0.4102704 0.5765657 0.2132966 -0.4327926 -0.1642371 0.8603612
66.433333 -2.0384457 -0.4247828 0.6252933 0.1752218 -0.2667992 -0.1187408 0.9402214
66.733333 -2.0187614 -0.4194180 0.6680332 0.0473038 -0.1413045 -0.1178811 0.9817838
67.066667 -2.0029776 -0.4171302 0.6846738 -0.0064074 -0.0519500 -0.0736436 0.9959100
67.566667 -1.9833232 -0.4200509 0.6945481 -0.0074686 0.0645908 0.0011408 0.9978833
67.933333 -1.9883194 -0.4341100 0.6923550 0.0447224 0.0475658 0.0082067 0.9978327
68.200000 -2.0212598 -0.4388748 0.6693977 0.0935960 -0.1160911 -0.0846683 0.9851873
68.900000 -2.0226860 -0.3402221 0.5690647 -0.0297079 -0.6580182 -0.4646092 0.5918343
69.033333 -2.0217443 -0.3480307 0.5584266 0.0050156 -0.6962019 -0.4428214 0.5649663
69.166667 -2.0175526 -0.3558361 0.5439811 0.0796385 -0.7129279 -0.3717785 0.5892133
69.433333 -2.0244381 -0.3481753 0.5359768 0.2058389 -0.5978792 -0.2205836 0.7426397
69.666667 -2.0580764 -0.3750427 0.5489157 0.1950424 -0.4083117 -0.1590849 0.8774577
70.066667 -2.1464772 -0.4147822 0.6698556 0.0659777 -0.4372700 -0.2768660 0.8531044
70.333333 -2.2355087 -0.4379808 0.7038058 0.0152737 -0.6026393 -0.3868662 0.6978016
70.500000 -2.3046467 -0.4069736 0.6996558 -0.0068980 -0.6706642 -0.4367463 0.5995120
70.633333 -2.3692937 -0.3886193 0.6789496 -0.0055002 -0.7037933 -0.4623449 0.5393349
70.733333 -2.4165554 -0.3781426 0.6702995 -0.0137911 -0.7119399 -0.4810690 0.5113944
70.866667 -2.4740219 -0.3764755 0.6730185 -0.0224462 -0.7298191 -0.4878266 0.4784197
70.966667 -2.5242224 -0.3763208 0.6880639 -0.0271553 -0.7477378 -0.4979150 0.4384421
71.066667 -2.5761838 -0.3840101 0.7108858 -0.0268449 -0.7687489 -0.5083247 0.3871827
71.133333 -2.6180902 -0.4013419 0.7246803 -0.0253544 -0.7765599 -0.5093653 0.3699443
71.233333 -2.6714175 -0.4201981 0.7392011 -0.0262454 -0.7896774 -0.5015628 0.3523572
71.300000 -2.7012706 -0.4227738 0.7451742 -0.0351507 -0.7907991 -0.5047994 0.3443527
71.400000 -2.7439580 -0.4135780 0.7473197 -0.0380314 -0.7840270 -0.5230993 0.3319975
71.466667 -2.7672305 -0.4027406 0.7433746 -0.0444153 -0.7797340 -0.5334197 0.3248161
71.566667 -2.8072400 -0.3825313 0.7297294 -0.0413569 -0.7766378 -0.5394396 0.3226894
71.633333 -2.8424926 -0.3723416 0.7044126 -0.0219112 -0.7873551 -0.5261052 0.3206324
71.733333 -2.8731973 -0.3651217 0.6808815 -0.0007162 -0.8065493 -0.5014393 0.3131075
71.833333 -2.9085548 -0.3637813 0.6624833 0.0039154 -0.8298492 -0.4696947 0.3012007
71.933333 -2.9415183 -0.3621415 0.6524085 0.0096729 -0.8511285 -0.4425172 0.2822502
72.033333 -2.9870179 -0.3606220 0.6469845 0.0153884 -0.8772112 -0.4132895 0.2438350
72.133333 -3.0377455 -0.3631555 0.6530467 0.0207517 -0.8965303 -0.3972095 0.1950064
72.233333 -3.0783980 -0.3740868 0.6518830 0.0195394 -0.9141157 -0.3740705 0.1551837
72.333333 -3.1240067 -0.3842428 0.6487753 0.0111310 -0.9338785 -0.3397098 0.1111051
72.400000 -3.1418986 -0.3863462 0.6455444 0.0017590 -0.9403361 -0.3270662 0.0937689
72.466667 -3.1611693 -0.3803357 0.6333615 -0.0082062 -0.9491635 -0.3069729 0.0692020
72.533333 -3.1733129 -0.3745466 0.6189117 -0.0166571 -0.9601972 -0.2730693 0.0563660
72.600000 -3.1806276 -0.3664086 0.6041706 -0.0238325 -0.9678854 -0.2421636 0.0631406
72.666667 -3.1849353 -0.3595696 0.5839257 -0.0186291 -0.9744088 -0.2130251 0.0692874
72.833333 -3.1878166 -0.3465054 0.5372236 -0.0128140 -0.9881312 -0.1384297 0.0653444
72.933333 -3.1927817 -0.3342697 0.5183514 -0.0308545 -0.9911258 -0.1220631 0.0426411
73.000000 -3.1989410 -0.3258543 0.5047086 -0.0465035 -0.9928654 -0.1061786 0.0279637
73.066667 -3.2091112 -0.3169985 0.4914865 -0.0576125 -0.9936562 -0.0960606 0.0100245
73.133333 -3.2210827 -0.3069460 0.4805075 0.0669930 0.9935780 0.0906264 0.0100739
73.200000 -3.2456052 -0.2898172 0.4632257 0.0787688 0.9918019 0.0932977 0.0376828
73.266667 -3.2700350 -0.2768857 0.4472139 0.0914937 0.9886254 0.1006185 0.0642233
73.333333 -3.2927971 -0.2672782 0.4314356 0.1051905 0.9849226 0.1082027 0.0845855
73.400000 -3.3182030 -0.2553211 0.4143035 0.1193864 0.9779366 0.1249685 0.1173453
73.466667 -3.3319461 -0.2463669 0.4054186 0.1320300 0.9697168 0.1382995 0.1519557
73.533333 -3.3435128 -0.2358472 0.3990777 0.1515815 0.9563461 0.1563574 0.1948782
73.600000 -3.3471935 -0.2297670 0.3946717 0.1638426 0.9454888 0.1705222 0.2238946
73.666667 -3.3455243 -0.2229030 0.3911660 0.1722607 0.9320980 0.1871918 0.2578346
73.733333 -3.3394604 -0.2215683 0.3882725 0.1782711 0.9166241 0.2111630 0.2888424
73.800000 -3.3315258 -0.2148233 0.3938153 0.1780818 0.8997661 0.2356059 0.3212440
73.866667 -3.3226807 -0.2132831 0.3960977 0.1832209 0.8804716 0.2581453 0.3529319
74.266667 -3.3036070 -0.1932839 0.5174525 0.1482070 0.7976417 0.3879176 0.4374041
74.366667 -3.2948561 -0.1884319 0.5242414 0.1358507 0.7888606 0.4073387 0.4396803
74.700000 -3.2588613 -0.1836762 0.5567236 0.0867986 0.7756059 0.4860344 0.3932836
74.766667 -3.2530153 -0.1842227 0.5640807 0.0806862 0.7761799 0.4938951 0.3835389
74.833333 -3.2500198 -0.1858540 0.5757673 0.0691634 0.7718283 0.5053029 0.3796926
74.900000 -3.2539647 -0.1886001 0.5860717 0.0626637 0.7632769 0.5136367 0.3868579
74.966667 -3.2639816 -0.1948545 0.5970454 0.0580174 0.7590742 0.5122753 0.3975102
75.100000 -3.2861588 -0.2001164 0.6157217 0.0428961 0.7423708 0.5076598 0.4351173
75.166667 -3.2946963 -0.2021127 0.6281760 0.0363119 0.7305966 0.5118007 0.4505220
75.233333 -3.2969456 -0.2087984 0.6365800 0.0343509 0.7219660 0.5151217 0.4606895
75.300000 -3.2944765 -0.2167740 0.6502585 0.0319316 0.7184383 0.5088022 0.4732305
75.366667 -3.2854099 -0.2302186 0.6644950 0.0320053 0.7103251 0.5061334 0.4881013
75.433333 -3.2703261 -0.2467811 0.6792769 0.0362610 0.7084925 0.4964120 0.5002986
75.500000 -3.2471600 -0.2654805 0.7015729 0.0455766 0.7070023 0.4898733 0.5080302
75.566667 -3.2217450 -0.2820005 0.7239060 0.0494453 0.7068475 0.4879529 0.5097293
75.633333 -3.1845341 -0.3101668 0.7552578 0.0516836 0.7079148 0.4862832 0.5096214
75.700000 -3.1559787 -0.3305221 0.7790785 0.0491135 0.7084488 0.4830127 0.5122372
75.766667 -3.1216886 -0.3513796 0.8043807 0.0429640 0.7093226 0.4738197 0.5201064
75.833333 -3.0930805 -0.3663044 0.8175631 0.0388856 0.7116989 0.4646695 0.5254092
75.900000 -3.0644770 -0.3721323 0.8246322 0.0390891 0.7139170 0.4620004 0.5247382
76.066667 -2.9788914 -0.3580225 0.8190787 0.0307365 0.7113981 0.4682674 0.5231574
76.166667 -2.9157834 -0.3430001 0.7919323 0.0436758 0.7126976 0.4635015 0.5247104
76.233333 -2.8713181 -0.3374410 0.7640650 0.0494740 0.7177647 0.4610603 0.5194126
76.300000 -2.8277669 -0.3292961 0.7433162 0.0468990 0.7300817 0.4464948 0.5151927
76.400000 -2.7644920 -0.3236943 0.7246878 0.0405424 0.7253590 0.4430471 0.5252807
76.466667 -2.7170892 -0.3180537 0.7197323 0.0405484 0.7236725 0.4403147 0.5298840
76.566667 -2.6432202 -0.3138717 0.7241297 0.0351635 0.7192543 0.4450347 0.5323353
76.666667 -2.5684004 -0.3154520 0.7358792 0.0315937 0.7195741 0.4462835 0.5310801
76.766667 -2.4829347 -0.3287659 0.7387884 0.0283307 0.7261433 0.4658966 0.5048303
76.866667 -2.4056914 -0.3330420 0.7344410 0.0206513 0.7365983 0.4826247 0.4733602
76.966667 -2.3407171 -0.3279980 0.7256176 0.0202512 0.7444201 0.4957696 0.4468123
77.066667 -2.2534089 -0.3097881 0.7107286 0.0167814 0.7508378 0.5024636 0.4283588
77.166667 -2.1813579 -0.2825569 0.6850529 0.0312042 0.7526164 0.5098544 0.4155035
77.266667 -2.0915074 -0.2634742 0.6303086 0.0386951 0.7598454 0.5154931 0.3942138
77.366667 -2.0188253 -0.2531127 0.6055562 0.0266373 0.7577853 0.5222798 0.3902252
77.466667 -1.9309435 -0.2392617 0.5863948 0.0170198 0.7556347 0.5203940 0.3973872
77.566667 -1.8466759 -0.2252821 0.5799370 0.0135513 0.7579196 0.5224378 0.3904268
77.666667 -1.7351290 -0.2245551 0.5777717 0.0095912 0.7649712 0.5254263 0.3723632
77.766667 -1.6469058 -0.2330538 0.5595381 0.0108754 0.7751936 0.5273107 0.3477069
77.866667 -1.5628704 -0.2302248 0.5435547 0.0054794 0.7720490 0.5420020 0.3318797
77.966667 -1.4853187 -0.2169228 0.5259733 0.0090818 0.7658746 0.5438511 0.3428988
78.066667 -1.3988966 -0.1963003 0.5075811 0.0190511 0.7535130 0.5302424 0.3881987
78.166667 -1.3253025 -0.1823611 0.4839922 0.0406619 0.7362217 0.5116109 0.4411104
78.266667 -1.2464000 -0.1741167 0.4540368 0.0520066 0.7153219 0.4879979 0.4974616
78.400000 -1.1443825 -0.1701109 0.4362453 0.0435997 0.6786900 0.4682445 0.5641153
78.533333 -1.0175945 -0.1468046 0.4213194 0.0518020 0.6620781 0.4699723 0.5814595
78.633333 -0.9094113 -0.1419929 0.4185372 0.0428804 0.6554321 0.4773543 0.5836976
78.733333 -0.8020148 -0.1500345 0.3974540 0.0478560 0.6421980 0.4691930 0.6042761
78.833333 -0.7267921 -0.1433887 0.3768420 0.0499632 0.6283955 0.4803187 0.6098498
78.966667 -0.6276859 -0.1162277 0.3466052 0.0497051 0.6120835 0.4741501 0.6309239
79.066667 -0.5530874 -0.0842853 0.3071591 0.0565123 0.6014099 0.4661398 0.6463948
79.166667 -0.4855093 -0.0737275 0.2525233 0.0596691 0.5994890 0.4561878 0.6549391
79.266667 -0.3957404 -0.0495128 0.1996614 0.0538030 0.6021097 0.4672969 0.6451378
79.366667 -0.3225452 -0.0116535 0.1731873 0.0393190 0.6385671 0.4924449 0.5900712
79.466667 -0.2350954 0.0301573 0.1453574 0.0440265 0.6774860 0.5292200 0.5089210
79.566667 -0.1390639 0.0622221 0.0910413 0.0508459 0.7220148 0.5555682 0.4092108
79.666667 -0.0567212 0.0701908 -0.0014250 0.0602683 0.7539787 0.5756253 0.3107077
79.733333 -0.0013976 0.0856387 -0.0586767 0.0539198 0.7589569 0.6063120 0.2312204
79.800000 0.0593883 0.1129253 -0.1572793 0.0555748 0.7567931 0.6312062 0.1604818
79.866667 0.0761598 0.1445732 -0.1847913 0.0536676 0.7598553 0.6402810 0.0988938
79.966667 0.0911019 0.1904096 -0.2235782 0.0561074 0.7655735 0.6393048 0.0451510
80.033333 0.0977485 0.2173867 -0.2618136 0.0697156 0.7682745 0.6363026 0.0036028
80.066667 0.0907333 0.2317615 -0.2889622 -0.0790237 -0.7714344 -0.6304778 0.0337916
80.133333 0.0750286 0.2541993 -0.3239670 -0.0857360 -0.7760910 -0.6157193 0.1059331
80.200000 0.0600011 0.2758159 -0.3469964 -0.0879017 -0.7624414 -0.6160087 0.1774535
80.266667 0.0484315 0.2897780 -0.3647149 -0.0895323 -0.7512247 -0.6046625 0.2490556
80.300000 0.0406428 0.2946358 -0.3753265 -0.0886075 -0.7407846 -0.5988374 0.2911712
80.333333 0.0373198 0.2995441 -0.3806630 -0.0869730 -0.7326072 -0.5932776 0.3220933
80.366667 0.0318409 0.3054892 -0.3882140 -0.0840234 -0.7176450 -0.5820306 0.3730498
80.433333 0.0255489 0.3145642 -0.3992918 -0.0775268 -0.6895815 -0.5560957 0.4574108
80.466667 0.0269088 0.3206147 -0.4056712 -0.0726229 -0.6694806 -0.5364575 0.5086599
80.500000 0.0302604 0.3230938 -0.4075924 -0.0708498 -0.6569545 -0.5234886 0.5379133
80.566667 0.0414922 0.3300023 -0.4111800 -0.0662313 -0.6213854 -0.4801744 0.6155698
80.600000 0.0497802 0.3311271 -0.4142322 -0.0610207 -0.6042868 -0.4581349 0.6490195
80.633333 0.0596724 0.3339213 -0.4169485 -0.0573760 -0.5877607 -0.4386503 0.6773710
80.700000 0.0763670 0.3364330 -0.4239851 -0.0532938 -0.5614550 -0.4106415 0.7164508
80.766667 0.0953463 0.3342895 -0.4253760 -0.0447171 -0.5252922 -0.3767662 0.7616532
80.833333 0.1093439 0.3308321 -0.4211622 -0.0384171 -0.4866887 -0.3521280 0.7985387
80.866667 0.1196621 0.3265781 -0.4169319 -0.0345437 -0.4568507 -0.3337892 0.8238198
80.900000 0.1265148 0.3224843 -0.4112301 -0.0298032 -0.4351137 -0.3183098 0.8417047
80.933333 0.1333085 0.3182886 -0.4054697 -0.0244613 -0.4134967 -0.3024220 0.8584656
81.000000 0.1535491 0.3015241 -0.3868174 -0.0154370 -0.3622597 -0.2632322 0.8940014
81.033333 0.1593267 0.2971378 -0.3811115 -0.0113876 -0.3438677 -0.2499818 0.9050605
81.066667 0.1706909 0.2866394 -0.3705989 -0.0045390 -0.3133258 -0.2287889 0.9216627
81.100000 0.1770145 0.2812460 -0.3635243 -0.0018437 -0.2950952 -0.2161386 0.9306984
81.133333 0.1892477 0.2727793 -0.3525965 0.0007268 -0.2657146 -0.1941725 0.9442946
81.200000 0.2066357 0.2612336 -0.3355173 0.0003412 -0.2219285 -0.1642869 0.9611230
81.233333 0.2162603 0.2560898 -0.3263834 -0.0005993 -0.1942425 -0.1469410 0.9698855
81.333333 0.2398673 0.2405899 -0.3052335 -0.0024124 -0.1019352 -0.0803949 0.9915342
81.366667 0.2429651 0.2375551 -0.3043053 -0.0003733 -0.0809926 -0.0640036 0.9946575
81.433333 0.2465671 0.2365668 -0.3009239 -0.0027499 -0.0342179 -0.0271095 0.9990429
81.466667 0.2476795 0.2334678 -0.3009835 -0.0007319 -0.0080896 -0.0051183 0.9999539
81.533333 0.2466699 0.2330353 -0.3034576 0.0090256 0.0292389 0.0205224 0.9993210
81.666667 0.2475512 0.2384100 -0.3082623 0.0070778 0.0990960 0.0698331 0.9925992
81.733333 0.2446104 0.2416944 -0.3110778 0.0040329 0.1273770 0.0857344 0.9881338
81.766667 0.2435533 0.2427934 -0.3114576 0.0025627 0.1332377 0.0892799 0.9870513
81.933333 0.2217641 0.2506446 -0.3213011 0.0033192 0.1189226 0.0722888 0.9902630
81.966667 0.2145696 0.2529033 -0.3231752 0.0032884 0.1060584 0.0615097 0.9924502
82.033333 0.2008248 0.2568387 -0.3260062 0.0014258 0.0751682 0.0366619 0.9964957
82.100000 0.1810315 0.2619018 -0.3299688 -0.0025549 0.0171908 -0.0060592 0.9998307
82.166667 0.1671429 0.2631969 -0.3310709 -0.0055942 -0.0346133 -0.0440865 0.9984123
82.233333 0.1562219 0.2616898 -0.3282122 -0.0046570 -0.0849453 -0.0803258 0.9931316
82.300000 0.1479054 0.2588072 -0.3240441 0.0007360 -0.1410031 -0.1225310 0.9823969
82.366667 0.1423757 0.2551787 -0.3216557 0.0060702 -0.1977463 -0.1690113 0.9655541
82.466667 0.1388943 0.2521122 -0.3254228 0.0206153 -0.2863007 -0.2291720 0.9301006
82.766667 0.1832049 0.2612360 -0.3564340 0.0323223 -0.5103414 -0.3617032 0.7795370
82.866667 0.2054057 0.2699656 -0.3737447 0.0258094 -0.5791330 -0.3919460 0.7143648
82.966667 0.2199889 0.2764601 -0.3928195 0.0161672 -0.6261987 -0.4215610 0.6556677
83.066667 0.2360241 0.2895226 -0.4170105 0.0033005 -0.6675727 -0.4474171 0.5951083
83.166667 0.2480827 0.3043854 -0.4447523 -0.0080830 -0.6928071 -0.4629741 0.5528182
83.233333 0.2560367 0.3181603 -0.4674731 -0.0051247 -0.7026411 -0.4689808 0.5350946
83.333333 0.2674872 0.3394081 -0.4959018 -0.0107124 -0.7085062 -0.4749677 0.5218332
83.433333 0.2846292 0.3670474 -0.5228306 -0.0237201 -0.7181652 -0.4974080 0.4860672
83.533333 0.3015937 0.3972383 -0.5497286 -0.0394796 -0.7285144 -0.5280015 0.4346522
83.600000 0.3071887 0.4170288 -0.5645912 -0.0524497 -0.7264582 -0.5554210 0.4012668
83.666667 0.3051602 0.4414983 -0.5810392 -0.0653605 -0.7156271 -0.5906686 0.3670372
83.766667 0.2952161 0.4750686 -0.6028706 -0.0744606 -0.7064671 -0.6249549 0.3237148
83.833333 0.2821240 0.4976536 -0.6188663 -0.0810654 -0.7018071 -0.6465715 0.2878202
83.900000 0.2646452 0.5164003 -0.6422694 -0.0868828 -0.6967860 -0.6648967 0.2546625
83.966667 0.2451750 0.5352416 -0.6665722 -0.0859727 -0.6937441 -0.6785359 0.2256477
84.033333 0.2312064 0.5580403 -0.6904261 -0.0853141 -0.6866689 -0.6952220 0.1946118
84.100000 0.2228931 0.5775690 -0.7099469 -0.0875056 -0.6815940 -0.7048697 0.1758725
84.166667 0.2178913 0.6045877 -0.7351644 -0.0832371 -0.6718966 -0.7159561 0.1703918
84.233333 0.2135094 0.6347630 -0.7599913 -0.0816883 -0.6627461 -0.7221838 0.1804028
84.300000 0.2097307 0.6780223 -0.7998486 -0.0786235 -0.6522793 -0.7226938 0.2146245
84.366667 0.2122642 0.7150049 -0.8372219 -0.0773058 -0.6406378 -0.7215632 0.2509055
84.433333 0.2173833 0.7584245 -0.8979675 -0.0839799 -0.6221477 -0.7186589 0.2990136
84.500000 0.2178928 0.7856386 -0.9411604 -0.0931133 -0.6142974 -0.7097698 0.3319570
84.566667 0.2144585 0.8080825 -0.9703442 -0.1004426 -0.5946454 -0.7105322 0.3625633
84.666667 0.1977290 0.8353469 -1.0082263 -0.1086114 -0.5802339 -0.6985182 0.4044808
84.766667 0.1729598 0.8616582 -1.0351921 -0.1144292 -0.5651920 -0.6885240 0.4397713
84.866667 0.1219869 0.8957264 -1.0719755 -0.1182045 -0.5718873 -0.6592541 0.4736631
84.933333 0.0815305 0.9113122 -1.0949843 -0.1221672 -0.5734236 -0.6392418 0.4976248
85.033333 0.0218778 0.9235187 -1.1330410 -0.1247849 -0.5732086 -0.6087539 0.5341157
85.133333 -0.0248696 0.9412981 -1.1657422 -0.1194193 -0.5562536 -0.5857253 0.5772754
85.200000 -0.0517584 0.9545506 -1.1851965 -0.1167789 -0.5445594 -0.5747342 0.5995818
85.300000 -0.0779938 0.9718584 -1.2107726 -0.1057530 -0.5262712 -0.5496798 0.6400836
85.366667 -0.0961120 0.9878128 -1.2366482 -0.0889490 -0.5130373 -0.5266176 0.6719782
85.466667 -0.1164850 1.0174927 -1.2887328 -0.0583837 -0.4990282 -0.4762396 0.7216357
85.566667 -0.1303384 1.0501840 -1.3517367 -0.0350995 -0.4707910 -0.4293714 0.7699118
85.666667 -0.1397690 1.0863659 -1.4100581 -0.0136132 -0.4636776 -0.4138187 0.7833082
85.800000 -0.1497951 1.1283875 -1.4695414 -0.0132308 -0.4908886 -0.4323011 0.7562864
85.866667 -0.1569886 1.1588892 -1.5003372 -0.0199953 -0.5200493 -0.4635316 0.7171383
85.933333 -0.1676142 1.1811433 -1.5224040 -0.0260514 -0.5408588 -0.4836910 0.6876308
86.000000 -0.1864543 1.2087868 -1.5478878 -0.0330442 -0.5607016 -0.5057124 0.6548105
86.066667 -0.2076311 1.2299438 -1.5660396 -0.0380035 -0.5721658 -0.5167531 0.6357266
86.133333 -0.2420981 1.2546980 -1.5883358 -0.0558907 -0.5838120 -0.5241387 0.6175099
86.200000 -0.2765181 1.2662812 -1.6100082 -0.0633825 -0.5918584 -0.5251834 0.6081684
86.266667 -0.3161888 1.2768655 -1.6427317 -0.0597468 -0.6153369 -0.5162219 0.5927105
86.333333 -0.3453567 1.2909505 -1.6738570 -0.0528810 -0.6508182 -0.5071506 0.5625278
86.400000 -0.3722177 1.3063416 -1.6971587 -0.0545946 -0.6665410 -0.5100874 0.5408821
86.500000 -0.4012046 1.3257983 -1.7302691 -0.0471074 -0.6824050 -0.5011017 0.5300956
86.633333 -0.4393563 1.3722345 -1.7745280 -0.0399865 -0.6722125 -0.5009269 0.5436944
86.700000 -0.4563937 1.4020610 -1.7990404 -0.0336053 -0.6531795 -0.4921241 0.5744922
86.766667 -0.4740999 1.4305031 -1.8229392 -0.0335252 -0.6207663 -0.4699522 0.6266340
86.833333 -0.4923224 1.4531547 -1.8517599 -0.0236263 -0.5792190 -0.4422842 0.6843477
86.900000 -0.5062437 1.4747534 -1.8817317 -0.0145138 -0.5476599 -0.4174100 0.7250013
86.966667 -0.5189376 1.4942179 -1.9038440 -0.0147296 -0.5152922 -0.4058169 0.7546983
87.033333 -0.5347935 1.5063392 -1.9229019 -0.0136870 -0.4935652 -0.3899997 0.7772428
87.100000 -0.5498834 1.5171261 -1.9352545 -0.0088349 -0.4761124 -0.3773484 0.7942588
87.166667 -0.5739098 1.5314900 -1.9472353 -0.0045795 -0.4567463 -0.3641947 0.8116182
87.233333 -0.5999423 1.5439351 -1.9546310 -0.0023135 -0.4471753 -0.3496864 0.8232548
87.300000 -0.6286176 1.5530250 -1.9618028 -0.0026841 -0.4389997 -0.3300416 0.8356702
87.366667 -0.6624032 1.5532833 -1.9696792 -0.0074235 -0.4263835 -0.3099134 0.8497622
87.433333 -0.6978772 1.5549810 -1.9780052 0.0046860 -0.4169821 -0.2915245 0.8608818
87.500000 -0.7166324 1.5622889 -1.9809811 -0.0005671 -0.3991413 -0.2884201 0.8703446
87.566667 -0.7421316 1.5602485 -1.9874526 0.0119476 -0.3718368 -0.2637976 0.8899469
87.633333 -0.7625777 1.5673721 -1.9963422 0.0180818 -0.3346038 -0.2389912 0.9113707
87.700000 -0.7876139 1.5777178 -2.0066221 0.0230440 -0.2905228 -0.2082332 0.9336511
87.766667 -0.8156293 1.6005335 -2.0259714 0.0268619 -0.2418011 -0.1799142 0.9531220
87.833333 -0.8411926 1.6150160 -2.0486383 0.0198079 -0.2157862 -0.1545584 0.9639272
87.900000 -0.8695037 1.6326592 -2.0719392 0.0327123 -0.1899814 -0.1453335 0.9704201
87.966667 -0.8960560 1.6478711 -2.0905499 0.0299910 -0.1803434 -0.1439628 0.9725490
88.066667 -0.9248790 1.6576594 -2.1043553 0.0315170 -0.1691280 -0.1265043 0.9769335
88.133333 -0.9488727 1.6590606 -2.1063089 0.0381969 -0.1635281 -0.1186818 0.9786288
88.200000 -0.9720622 1.6571966 -2.1000338 0.0408648 -0.1596975 -0.1141449 0.9796927
88.300000 -1.0119267 1.6504092 -2.0779185 0.0371830 -0.1658614 -0.1164528 0.9785429
88.366667 -1.0406132 1.6399822 -2.0574951 0.0402181 -0.1800756 -0.1160337 0.9759567
88.433333 -1.0728784 1.6228502 -2.0342751 0.0411234 -0.1999958 -0.1171253 0.9719014
88.500000 -1.1012535 1.5996107 -2.0139761 0.0426610 -0.2138391 -0.1247517 0.9679308
88.566667 -1.1294470 1.5869523 -1.9956324 0.0405345 -0.2273382 -0.1427427 0.9624442
88.633333 -1.1571532 1.5783381 -1.9791832 0.0274279 -0.2371191 -0.1598365 0.9578490
88.733333 -1.2035240 1.5653870 -1.9575213 0.0234028 -0.2504221 -0.1767281 0.9515820
88.833333 -1.2495974 1.5589426 -1.9410794 0.0194351 -0.2551391 -0.1862244 0.9486026
88.933333 -1.3213468 1.5577073 -1.9188144 0.0202940 -0.2548421 -0.1866915 0.9485726
89.066667 -1.4157895 1.5463923 -1.9117814 0.0218941 -0.2446095 -0.1701014 0.9543335
89.166667 -1.4708291 1.5435462 -1.9052880 0.0214708 -0.2407075 -0.1704918 0.9552651
89.266667 -1.5220951 1.5365068 -1.8909379 0.0148413 -0.2396660 -0.1713786 0.9554943
89.366667 -1.5661811 1.5272266 -1.8694984 0.0102319 -0.2352303 -0.1749647 0.9560070
89.466667 -1.6276796 1.5118424 -1.8289920 0.0093380 -0.2364980 -0.1716409 0.9563059
89.566667 -1.6816911 1.4931939 -1.7919967 0.0123094 -0.2430128 -0.1712495 0.9547077
89.666667 -1.7433202 1.4489310 -1.7519937 0.0216111 -0.2358890 -0.1631053 0.9577505
89.766667 -1.7951238 1.4290875 -1.7215021 0.0154953 -0.2273928 -0.1731315 0.9581639
89.866667 -1.8546007 1.4098250 -1.6940943 0.0106028 -0.2292220 -0.1834304 0.9558756
90.000000 -1.9397098 1.4029155 -1.6570907 -0.0032268 -0.2111956 -0.1797814 0.9607626
90.133333 -2.0446546 1.3958529 -1.6401227 -0.0031292 -0.1790951 -0.1563341 0.9713264
90.266667 -2.1394837 1.3892175 -1.6343306 -0.0045214 -0.1704058 -0.1496929 0.9739268
90.366667 -2.1941283 1.3821267 -1.6193687 -0.0188764 -0.1677925 -0.1505642 0.9740738
90.500000 -2.2789507 1.3634613 -1.5730693 -0.0214387 -0.1700321 -0.1514215 0.9734994
90.633333 -2.3602114 1.3347213 -1.5114285 -0.0225032 -0.1763945 -0.1515653 0.9723202
90.766667 -2.4416075 1.2857001 -1.4648929 -0.0117927 -0.1749834 -0.1560616 0.9720528
90.900000 -2.5313325 1.2637354 -1.4320093 -0.0219818 -0.2061294 -0.1919150 0.9592686
91.033333 -2.6237652 1.2522812 -1.3994535 -0.0180309 -0.2065015 -0.1957676 0.9584921
91.166667 -2.7308559 1.2468317 -1.3871177 0.0081178 -0.1983714 -0.1792336 0.9635654
91.300000 -2.8273950 1.2287161 -1.3870447 0.0362259 -0.1909384 -0.1574372 0.9682168
91.466667 -2.9098346 1.2064693 -1.3569317 0.0500990 -0.1448111 -0.1257742 0.9801534
91.600000 -2.9893608 1.1825348 -1.2994331 0.0598134 -0.1382344 -0.1159063 0.9817736
91.733333 -3.0647626 1.1321034 -1.2469250 0.0665123 -0.1462408 -0.1072749 0.9811635
91.866667 -3.1482575 1.0998359 -1.2005333 0.0494126 -0.1820101 -0.1428596 0.9716079
92.000000 -3.2331860 1.0768187 -1.1558324 0.0411496 -0.1975785 -0.1568234 0.9667864
92.133333 -3.3340077 1.0658399 -1.1129209 0.0471731 -0.1851775 -0.1550372 0.9692510
92.233333 -3.4175582 1.0522666 -1.0933933 0.0391088 -0.1697572 -0.1472559 0.9736369
92.333333 -3.4794037 1.0393912 -1.0714853 0.0234078 -0.1441468 -0.1393094 0.9794216
92.433333 -3.5285223 1.0233692 -1.0438799 0.0109977 -0.1205484 -0.1247911 0.9847712
92.566667 -3.5910244 0.9948299 -0.9976993 0.0190650 -0.1146895 -0.1092932 0.9871868
92.666667 -3.6397507 0.9700589 -0.9420146 0.0273513 -0.1253967 -0.0939989 0.9872648
92.733333 -3.6705329 0.9340823 -0.9081053 0.0281939 -0.1272580 -0.0764533 0.9885168
92.833333 -3.7061460 0.8929067 -0.8660856 0.0425216 -0.1160765 -0.0630469 0.9903248
92.900000 -3.7275436 0.8743809 -0.8340060 0.0244016 -0.0943370 -0.0550666 0.9937167
92.966667 -3.7496948 0.8540904 -0.8006144 0.0208434 -0.0635210 -0.0378881 0.9970432
93.066667 -3.7833371 0.8315834 -0.7463531 0.0056772 0.0128023 0.0007654 0.9999017
93.133333 -3.8140428 0.8182431 -0.7179466 0.0108427 0.0559219 0.0261448 0.9980339
93.200000 -3.8517318 0.8084874 -0.6918077 0.0190958 0.0935497 0.0536128 0.9939867
93.300000 -3.9149935 0.7768435 -0.6690427 0.0344484 0.1351648 0.0880801 0.9862990
93.366667 -3.9601884 0.7528180 -0.6546027 0.0581189 0.1455680 0.0936988 0.9831850
93.433333 -4.0007653 0.7415580 -0.6327140 0.0589269 0.1286011 0.0984036 0.9850412
93.533333 -4.0363517 0.7091798 -0.5908986 0.0587535 0.1010206 0.1054708 0.9875317
93.666667 -4.0392795 0.6728412 -0.5292702 0.0625839 0.1310693 0.1145622 0.9827409
93.833333 -3.9950862 0.6090870 -0.4560944 0.0678396 0.1672655 0.1497958 0.9721014
93.933333 -3.9546077 0.5783691 -0.4137650 0.0626022 0.2283674 0.1815670 0.9544437
94.033333 -3.9231024 0.5573407 -0.3844010 0.0582745 0.2889435 0.2158756 0.9308670
94.133333 -3.9000177 0.5343921 -0.3495888 0.0520366 0.3641798 0.2599219 0.8928078
94.200000 -3.8919041 0.5209230 -0.3303862 0.0534303 0.4038287 0.2830149 0.8683146
94.266667 -3.8880751 0.5070479 -0.3059609 0.0572185 0.4515542 0.3156613 0.8325760
94.300000 -3.8891225 0.4970435 -0.2949831 0.0573113 0.4745468 0.3381008 0.8106841
94.366667 -3.8880572 0.4707619 -0.2761140 0.0628885 0.5206322 0.3683784 0.7676487
94.433333 -3.8890278 0.4479263 -0.2565684 0.0654444 0.5565615 0.3873907 0.7320415
94.533333 -3.8870339 0.4295409 -0.2309234 0.0563804 0.5950302 0.4129029 0.6872202
94.633333 -3.8728321 0.4188857 -0.2149506 0.0522356 0.6241233 0.4338104 0.6477269
94.666667 -3.8625784 0.4153659 -0.2068882 0.0477500 0.6361229 0.4410264 0.6313186
94.733333 -3.8385530 0.4078348 -0.1910660 0.0417810 0.6473750 0.4521768 0.6121242
94.800000 -3.8156695 0.4019058 -0.1753776 0.0389060 0.6482716 0.4580770 0.6069561
94.833333 -3.8022926 0.3984990 -0.1659572 0.0389163 0.6451864 0.4606567 0.6082889
94.866667 -3.7920599 0.3964460 -0.1588922 0.0403151 0.6415042 0.4614259 0.6115007
95.000000 -3.7239451 0.3654928 -0.1395268 0.0311447 0.6442078 0.4544082 0.6144426
95.066667 -3.6905172 0.3509920 -0.1193261 0.0254154 0.6396775 0.4476787 0.6243000
95.133333 -3.6647859 0.3366592 -0.0990658 0.0141086 0.6296858 0.4484852 0.6341591
95.200000 -3.6432152 0.3187702 -0.0760736 0.0122264 0.6292667 0.4439104 0.6378224
95.300000 -3.6196938 0.2899165 -0.0363343 0.0133538 0.6338813 0.4466229 0.6313035
95.433333 -3.6054127 0.2383909 0.0407014 0.0169879 0.6467602 0.4695548 0.6007754
95.500000 -3.6018276 0.1967015 0.0760345 0.0252413 0.6527082 0.4758532 0.5889811
95.600000 -3.5912337 0.1555600 0.1152854 0.0352356 0.6629180 0.4827525 0.5711815
95.700000 -3.5703588 0.1334116 0.1408441 0.0336429 0.6657953 0.4893615 0.5622367
95.766667 -3.5492620 0.1264553 0.1527061 0.0349220 0.6742918 0.4926912 0.5489684
95.833333 -3.5229125 0.1243882 0.1621256 0.0312447 0.6783182 0.4964992 0.5407372
95.933333 -3.4674301 0.1287944 0.1646132 0.0404271 0.6774943 0.5070375 0.5313005
96.133333 -3.3794765 0.1291571 0.1485877 0.0451928 0.6959026 0.5186632 0.4946371
96.233333 -3.3434019 0.1235936 0.1452494 0.0521060 0.7085968 0.5202062 0.4738789
96.333333 -3.3211238 0.1130216 0.1599796 0.0503917 0.7118319 0.5375942 0.4491643
96.433333 -3.3052018 0.0913992 0.1755886 0.0522879 0.7217746 0.5365425 0.4340847
96.533333 -3.2812872 0.0492356 0.2270117 0.0552146 0.6926342 0.5199606 0.4968402
96.733333 -3.2820117 -0.0431423 0.3407962 0.0810123 0.5605054 0.4264231 0.7052900
96.833333 -3.3074045 -0.0755419 0.3702841 0.0920817 0.4687323 0.3687368 0.7973984
96.933333 -3.3341591 -0.0977631 0.3901716 0.0934357 0.3835333 0.3134811 0.8636559
97.066667 -3.3685052 -0.1172345 0.4114625 0.0872093 0.2686400 0.2394339 0.9289233
97.133333 -3.3879790 -0.1220891 0.4214709 0.0849795 0.2114922 0.2025933 0.9523684
97.166667 -3.3931887 -0.1233891 0.4226286 0.0845406 0.1897982 0.1899173 0.9595630
97.200000 -3.4011872 -0.1245496 0.4249133 0.0832066 0.1573840 0.1721863 0.9688441
97.266667 -3.4129863 -0.1288686 0.4283068 0.0777401 0.1181450 0.1455758 0.9791864
97.333333 -3.4262595 -0.1306224 0.4336417 0.0743706 0.0813524 0.1220862 0.9863802
97.400000 -3.4356587 -0.1333606 0.4360189 0.0698498 0.0507719 0.1035815 0.9908653
97.466667 -3.4392571 -0.1365689 0.4389315 0.0674593 0.0309452 0.0898860 0.9931828
97.966667 -3.3412948 -0.1130592 0.4132423 0.0790652 0.3434136 0.2691208 0.8963202
98.066667 -3.3184495 -0.0893580 0.3913193 0.0816562 0.4263198 0.3275102 0.8392382
98.233333 -3.3035495 -0.0347747 0.3377409 0.0868981 0.5719715 0.4217014 0.6981871
98.366667 -3.3068671 -0.0004458 0.2804046 0.0802283 0.6579518 0.4791684 0.5753785
98.466667 -3.3169856 0.0254037 0.2522655 0.0755929 0.7065921 0.5076292 0.4871610
98.566667 -3.3348286 0.0436978 0.2260354 0.0663491 0.7431126 0.5277008 0.4060951
98.666667 -3.3494043 0.0605233 0.2072616 0.0582874 0.7726626 0.5422319 0.3249303
98.766667 -3.3587799 0.0731754 0.1986814 0.0489927 0.7861805 0.5515007 0.2745302
98.866667 -3.3624725 0.0777565 0.1960652 0.0423701 0.7896020 0.5544304 0.2595002
98.966667 -3.3557367 0.0702347 0.1983364 0.0509849 0.7805106 0.5438635 0.3040004
99.100000 -3.3376672 0.0520172 0.2131751 0.0672220 0.7442313 0.5243846 0.4081932
99.233333 -3.3142276 0.0220284 0.2465961 0.0760468 0.6896089 0.4835736 0.5336788
99.433333 -3.3053277 -0.0417619 0.3233190 -0.0937036 -0.5574465 -0.4161563 -0.7122409
99.700000 -3.3346097 -0.1099159 0.4086499 0.0909250 0.3613466 0.2881107 0.8821301
99.933333 -3.3202751 -0.1122127 0.4159326 0.0763308 0.1352673 0.1422053 0.9775756
100.066667 -3.3067093 -0.1029612 0.3961066 0.0676171 -0.0154691 0.0625076 0.9956312
100.200000 -3.3012457 -0.0914606 0.3802174 0.0430894 -0.1412588 -0.0100955 0.9889830
100.300000 -3.3004935 -0.0882795 0.3793941 0.0237021 -0.2092647 -0.0532404 0.9761209
100.366667 -3.3010535 -0.0887133 0.3805915 0.0136030 -0.2462988 -0.0728954 0.9663530
100.433333 -3.3034682 -0.0941942 0.3861778 0.0051699 -0.2744178 -0.0918550 0.9571995
100.500000 -3.3067820 -0.1003208 0.3981069 -0.0038137 -0.2888427 -0.1031089 0.9518003
100.600000 -3.3109059 -0.1307068 0.4361199 0.0023807 -0.2200096 -0.0861386 0.9716842
100.666667 -3.3030322 -0.1531135 0.4682317 0.0118410 -0.1297422 -0.0465497 0.9903837
100.733333 -3.2844677 -0.1794915 0.5020182 0.0205262 -0.0306113 0.0057428 0.9993041
100.866667 -3.2425647 -0.2117150 0.5479357 0.0359010 0.1271188 0.1096443 0.9851549
101.000000 -3.2061152 -0.2191758 0.5792285 0.0315150 0.2642097 0.2089723 0.9410264
101.133333 -3.1549494 -0.2246689 0.5919328 0.0197487 0.4070334 0.3139211 0.8575473
101.266667 -3.0923967 -0.2256719 0.5982056 0.0172415 0.4810019 0.3710388 0.7941474
101.400000 -3.0018854 -0.2172495 0.5830021 -0.0190661 -0.5342004 -0.3980455 -0.7455375
101.500000 -2.9155369 -0.2040638 0.5537003 -0.0140411 -0.5869374 -0.4310351 -0.6852125
101.633333 -2.8386884 -0.1749213 0.5549121 0.0066531 0.6554999 0.4868385 0.5772901
101.766667 -2.7668676 -0.1696849 0.5493619 0.0009649 0.6984528 0.5230810 0.4884148
101.866667 -2.7112927 -0.1731751 0.5646365 0.0021611 0.7184332 0.5426823 0.4351378
101.966667 -2.6534395 -0.1947799 0.5959232 0.0111203 0.7418399 0.5529237 0.3792432
102.066667 -2.5927711 -0.2385632 0.6175702 0.0163977 0.7553541 0.5575683 0.3439315
102.166667 -2.5318379 -0.2670208 0.6539416 0.0197835 0.7574897 0.5551602 0.3429506
102.366667 -2.4226935 -0.2766635 0.6658633 0.0271857 0.7598286 0.5539664 0.3391794
102.466667 -2.3572192 -0.2603246 0.6504323 0.0383954 0.7640364 0.5459764 0.3415903
102.600000 -2.2670102 -0.2377863 0.6016784 0.0470232 0.7745147 0.5391055 0.3275377
102.700000 -2.1941457 -0.2251637 0.5794208 0.0347840 0.7729486 0.5458255 0.3215822
102.800000 -2.1159332 -0.2173427 0.5660081 0.0299142 0.7655773 0.5434815 0.3429642
102.900000 -2.0391164 -0.2066424 0.5617294 0.0281629 0.7607934 0.5509433 0.3418504
103.000000 -1.9415419 -0.2070352 0.5696716 0.0234786 0.7619815 0.5590097 0.3261000
103.066667 -1.8826212 -0.2207409 0.5614966 0.0322044 0.7633870 0.5588117 0.3223858
103.133333 -1.8203332 -0.2284133 0.5609370 0.0403303 0.7653396 0.5541030 0.3249592
103.433333 -1.6201763 -0.1803815 0.5054650 0.0458080 0.7706892 0.5478647 0.3221553
103.933333 -1.3216088 -0.0938692 0.3373632 0.0436799 0.8141807 0.5678278 0.1130197
104.033333 -1.2729181 -0.0946184 0.3197111 0.0378985 0.8208495 0.5675396 0.0516590
104.266667 -1.2069254 -0.0759286 0.2650487 -0.0272180 -0.8347402 -0.5414914 0.0962025
104.500000 -1.1829789 -0.0242489 0.1852236 -0.0325464 -0.8428103 -0.5098887 0.1691897
104.733333 -1.1464298 0.0438485 0.1452373 -0.0510206 -0.7570304 -0.6203519 0.1986592
104.866667 -1.1109593 0.0714161 0.1379674 -0.0736111 -0.6901411 -0.6763803 0.2465691
104.933333 -1.0877835 0.0866800 0.1335817 -0.0811319 -0.6643148 -0.7007475 0.2470958
105.000000 -1.0717832 0.0995026 0.1329308 -0.0844112 -0.6406189 -0.7227662 0.2451349
105.066667 -1.0595849 0.1193114 0.1291953 -0.0846481 -0.6120095 -0.7451562 0.2510405
105.200000 -1.0694233 0.1462793 0.1200749 -0.0860145 -0.5834828 -0.7596926 0.2738914
105.266667 -1.0836537 0.1594827 0.1111541 -0.0850491 -0.5786539 -0.7605264 0.2820036
105.366667 -1.1121364 0.1768458 0.0970109 -0.0860452 -0.5754560 -0.7661087 0.2729910
105.433333 -1.1358740 0.1900806 0.0883140 -0.0903480 -0.5659159 -0.7739241 0.2694772
105.500000 -1.1575313 0.2015392 0.0866140 -0.0956352 -0.5515611 -0.7837893 0.2689025
105.566667 -1.1811767 0.2132664 0.0837318 -0.1088177 -0.5397376 -0.7881135 0.2751710
105.600000 -1.1928835 0.2169839 0.0804880 -0.1156840 -0.5342990 -0.7876078 0.2842812
105.633333 -1.1992486 0.2199200 0.0780039 -0.1184671 -0.5325835 -0.7859294 0.2909214
105.700000 -1.2132480 0.2262940 0.0699819 -0.1240356 -0.5316740 -0.7788292 0.3088091
105.766667 -1.2255857 0.2353464 0.0603989 -0.1302078 -0.5256994 -0.7721375 0.3323999
105.833333 -1.2356631 0.2454532 0.0465153 -0.1333279 -0.5182840 -0.7602828 0.3682060
105.900000 -1.2441036 0.2585882 0.0295980 -0.1368546 -0.5116562 -0.7435020 0.4082689
105.966667 -1.2538588 0.2801449 0.0009223 -0.1416128 -0.4912085 -0.7161468 0.4751778
106.033333 -1.2594141 0.3006730 -0.0280699 -0.1443948 -0.4727317 -0.6946514 0.5226225
106.100000 -1.2628237 0.3205066 -0.0627649 -0.1526416 -0.4473041 -0.6785784 0.5622730
106.200000 -1.2649398 0.3421295 -0.1039656 -0.1606626 -0.4219299 -0.6506979 0.6105366
106.300000 -1.2693580 0.3582206 -0.1304103 -0.1646917 -0.3985105 -0.6293215 0.6465451
106.466667 -1.2878361 0.3904282 -0.1702776 -0.1697342 -0.3794109 -0.6110679 0.6736718
106.600000 -1.3028848 0.4005125 -0.1794045 -0.1696028 -0.3639948 -0.5996583 0.6922086
106.733333 -1.3139343 0.3962214 -0.1755860 -0.1754576 -0.3637413 -0.5952250 0.6947044
106.966667 -1.3127204 0.3702962 -0.1427447 -0.1849352 -0.4335181 -0.6426201 0.6040699
107.033333 -1.3082888 0.3535792 -0.1287935 -0.1728385 -0.4717610 -0.6720569 0.5439742
107.100000 -1.3063136 0.3395967 -0.1196162 -0.1533849 -0.5223187 -0.7005715 0.4613632
107.166667 -1.2963884 0.3316801 -0.1059343 -0.1422179 -0.5512918 -0.7385278 0.3611482
107.266667 -1.2568153 0.3222972 -0.0873126 -0.1277105 -0.5743428 -0.7778031 0.2210040
107.366667 -1.2147365 0.2537408 -0.0518785 -0.1061052 -0.6054915 -0.7794706 0.1206125
110.966667 -0.7175386 -0.0982636 0.1748289 0.0825633 0.7336290 0.4803968 0.4734878
111.066667 -0.6447148 -0.0821122 0.1605725 0.0759577 0.7503649 0.4849136 0.4427660
111.166667 -0.5669562 -0.0679826 0.1602865 0.0707842 0.7660574 0.4880189 0.4122901
111.266667 -0.4668593 -0.0709377 0.1531451 0.0665926 0.7806903 0.4989882 0.3702688
111.366667 -0.4037389 -0.0759464 0.1319911 0.0713428 0.7939903 0.4954530 0.3449868
111.500000 -0.3344595 -0.0517149 0.1041634 0.0800083 0.7803258 0.5236235 0.3324286
111.600000 -0.2940460 -0.0171891 0.0747082 0.0879599 0.7587097 0.5485932 0.3401003
111.700000 -0.2614785 0.0257247 0.0462719 0.0700976 0.7014604 0.6114306 0.3594335
111.800000 -0.2302249 0.0623633 0.0047476 0.0622409 0.6802110 0.6333265 0.3637810
111.933333 -0.1951922 0.1026021 -0.0526862 0.0673060 0.6905898 0.6287723 0.3510000
112.033333 -0.1739334 0.1292203 -0.0890392 0.0709266 0.7034077 0.6314276 0.3185690
112.166667 -0.1314610 0.1687109 -0.1368473 0.0781303 0.7271397 0.6231200 0.2772815
112.266667 -0.0919410 0.1949429 -0.1767072 0.0887440 0.7423540 0.6220560 0.2325539
112.333333 -0.0645813 0.2154994 -0.2114026 0.0965614 0.7570315 0.6211709 0.1781182
112.400000 -0.0493385 0.2348074 -0.2372518 0.1141618 0.7554610 0.6276906 0.1491651
112.466667 -0.0516829 0.2530200 -0.2588171 0.1111693 0.7511092 0.6454256 0.0830792
115.833333 -0.2423599 0.6523571 -0.8761292 0.0187004 -0.5118248 -0.3940658 0.7631500
115.866667 -0.2446652 0.6722342 -0.8998433 0.0129849 -0.5108429 -0.4054579 0.7579411
115.900000 -0.2469630 0.6832387 -0.9131213 0.0127052 -0.5109406 -0.4110695 0.7548512
115.933333 -0.2498482 0.6973301 -0.9279541 0.0120827 -0.5112926 -0.4196224 0.7499006
115.966667 -0.2559174 0.7103084 -0.9421849 0.0136079 -0.5156181 -0.4260168 0.7432781
116.000000 -0.2622472 0.7237169 -0.9555193 0.0119995 -0.5210252 -0.4323444 0.7358444
116.033333 -0.2705144 0.7376936 -0.9683727 0.0075225 -0.5265146 -0.4408940 0.7268688
116.066667 -0.2793516 0.7527179 -0.9810491 -0.0000686 -0.5329281 -0.4526511 0.7149088
116.100000 -0.2897480 0.7665523 -0.9941009 -0.0076540 -0.5387070 -0.4627216 0.7040065
116.133333 -0.3052964 0.7838560 -1.0108767 -0.0065025 -0.5426002 -0.4696102 0.6964259
116.200000 -0.3314135 0.8127486 -1.0376821 -0.0003342 -0.5488021 -0.4732898 0.6890667
116.266667 -0.3745335 0.8519713 -1.0792103 0.0087380 -0.5692924 -0.4666496 0.6768072
116.333333 -0.4126157 0.8782301 -1.1168250 0.0061320 -0.5816788 -0.4570880 0.6728171
116.400000 -0.4561666 0.9057708 -1.1700397 0.0032877 -0.5908954 -0.4519491 0.6682618
116.466667 -0.4798913 0.9284893 -1.2096860 0.0007339 -0.5962673 -0.4637279 0.6553023
116.533333 -0.5096859 0.9554815 -1.2561166 0.0044373 -0.6054802 -0.4682657 0.6435070
116.600000 -0.5386333 0.9922292 -1.2961855 0.0073226 -0.6023991 -0.4678603 0.6466594
116.666667 -0.5702037 1.0353562 -1.3389418 0.0190534 -0.5847427 -0.4472763 0.6765035
116.733333 -0.5891081 1.0702028 -1.3750236 0.0254240 -0.5678937 -0.4283902 0.7023761
116.800000 -0.6139463 1.1041048 -1.4325920 0.0212840 -0.5489460 -0.4176055 0.7237478
116.866667 -0.6369174 1.1232213 -1.4712708 0.0277909 -0.5472774 -0.4029001 0.7330666
116.933333 -0.6649140 1.1431793 -1.4993303 0.0271434 -0.5297677 -0.3925291 0.7513524
117.033333 -0.7182945 1.1717420 -1.5257004 0.0292304 -0.5008507 -0.3671626 0.7832533
117.133333 -0.7942080 1.2011743 -1.5435276 0.0400120 -0.4888451 -0.3350368 0.8044749
117.233333 -0.8819194 1.2129209 -1.5631813 0.0412873 -0.4856586 -0.3080597 0.8170253
117.300000 -0.9351389 1.2102238 -1.5752033 0.0419592 -0.4663668 -0.2863694 0.8359031
117.400000 -1.0118495 1.2143157 -1.5931996 0.0508270 -0.4263509 -0.2677864 0.8625150
117.500000 -1.0769502 1.2198864 -1.5993947 0.0705343 -0.3895027 -0.2339154 0.8880293
117.566667 -1.1263137 1.2343985 -1.6032081 0.0830647 -0.3541284 -0.2057246 0.9084992
117.633333 -1.1715965 1.2529017 -1.6123738 0.0824578 -0.3265894 -0.1881851 0.9225652
117.733333 -1.2585957 1.2540380 -1.6400697 0.0923327 -0.2734991 -0.1536226 0.9450254
117.833333 -1.3332424 1.2568717 -1.6442163 0.0945680 -0.2501715 -0.1445511 0.9526680
117.966667 -1.4332051 1.2446131 -1.6053643 0.1037197 -0.2204782 -0.1270418 0.9615051
118.033333 -1.4743369 1.2334855 -1.5743574 0.1218052 -0.1997950 -0.1144824 0.9654736
118.100000 -1.5272889 1.2022399 -1.5314084 0.1194132 -0.1584439 -0.0980863 0.9752001
118.166667 -1.5669088 1.1696644 -1.5109006 0.1294194 -0.1227898 -0.0768151 0.9809550
118.233333 -1.6046506 1.1450542 -1.4918092 0.1398006 -0.0766261 -0.0610726 0.9853194
118.300000 -1.6366397 1.1312205 -1.4727557 0.1467152 -0.0026638 -0.0297456 0.9887279
118.366667 -1.6861483 1.1273674 -1.4559867 0.1494528 0.0670925 -0.0030582 0.9864852
118.466667 -1.7658253 1.1352087 -1.4476566 0.1482242 0.1095020 0.0193214 0.9826829
118.666667 -1.9426749 1.1190925 -1.4503143 0.1398354 0.1386484 0.0294536 0.9799771
118.800000 -2.0405166 1.1054577 -1.4145458 0.1393474 0.1318143 0.0301778 0.9809672
118.866667 -2.0999537 1.0981117 -1.3829707 0.1398085 0.0989924 0.0189379 0.9850358
118.933333 -2.1720197 1.0869782 -1.3548248 0.1325209 0.0146907 -0.0132433 0.9909828
119.033333 -2.2550657 1.0507692 -1.3305387 0.1364683 -0.0802013 -0.0437834 0.9864214
119.133333 -2.3421245 1.0259644 -1.3044441 0.1236880 -0.1172261 -0.0815273 0.9819942
119.266667 -2.4639952 1.0239011 -1.2687408 0.1142860 -0.1162084 -0.0939949 0.9821402
119.366667 -2.5451441 1.0223473 -1.2578151 0.1095597 -0.0793794 -0.0775974 0.9877622
119.633333 -2.7248352 0.9830143 -1.2197210 0.1124709 -0.0239404 -0.0432112 0.9924263
119.766667 -2.7991085 0.9649417 -1.1635271 0.1081913 -0.0196369 -0.0405517 0.9931086
119.866667 -2.8782172 0.9195407 -1.1282603 0.1012675 -0.0737166 -0.0536823 0.9906710
119.966667 -2.9497063 0.8883319 -1.0992926 0.0986638 -0.1140962 -0.0822876 0.9851276
120.066667 -3.0211892 0.8690171 -1.0646614 0.0939487 -0.1122154 -0.0971442 0.9844513
120.233333 -3.1493704 0.8663644 -1.0238473 0.0910406 -0.0902289 -0.0928458 0.9873956
120.333333 -3.2512243 0.8528296 -1.0239612 0.0873584 -0.1153282 -0.0951644 0.9848917
120.400000 -3.3033891 0.8469825 -1.0221184 0.0833464 -0.1316146 -0.0971718 0.9829999
120.466667 -3.3583386 0.8391165 -1.0085504 0.0599735 -0.1534758 -0.1091748 0.9802700
120.566667 -3.4187894 0.8251133 -0.9739829 0.0511971 -0.1538134 -0.1069744 0.9809571
120.700000 -3.4985566 0.7869405 -0.8958734 0.0470963 -0.1313273 -0.0744959 0.9874135
120.766667 -3.5345232 0.7473750 -0.8569041 0.0612952 -0.0938646 -0.0410102 0.9928497
120.866667 -3.5823674 0.7004495 -0.8095560 0.0761906 -0.0214682 -0.0091399 0.9968203
120.966667 -3.6277702 0.6677758 -0.7592264 0.0857224 0.0408181 0.0220335 0.9952387
121.066667 -3.6789911 0.6480191 -0.7083731 0.0893705 0.0993051 0.0571597 0.9893858
121.166667 -3.7404184 0.6077126 -0.6684708 0.0911753 0.1437560 0.0866054 0.9815910
121.266667 -3.7779250 0.5700059 -0.6256150 0.0992193 0.1920342 0.1163949 0.9693971
121.366667 -3.7863197 0.5370910 -0.5723114 0.0950360 0.2490915 0.1565082 0.9510136
121.466667 -3.7699015 0.5036655 -0.5044031 0.1026446 0.3404574 0.2007697 0.9128222
121.533333 -3.7517099 0.4803525 -0.4701307 0.0998712 0.3734699 0.2259268 0.8941494
121.633333 -3.7147253 0.4249513 -0.4295785 0.1120749 0.4571904 0.2730089 0.8389769
121.700000 -3.6979427 0.4004270 -0.3978248 0.0974056 0.5020730 0.2918854 0.8082312
121.800000 -3.6790867 0.3672047 -0.3456020 0.0825248 0.5583120 0.3262854 0.7582975
121.866667 -3.6711433 0.3403970 -0.3027682 0.0823556 0.5912594 0.3436767 0.7249250
121.933333 -3.6706266 0.3059417 -0.2466459 0.0767886 0.6082917 0.3614372 0.7024584
122.066667 -3.6648347 0.2236563 -0.1761277 0.0864727 0.6407599 0.3680861 0.6681780
122.266667 -3.6228266 0.1520284 -0.0719593 0.0780898 0.6623266 0.3738526 0.6445616
122.333333 -3.5952642 0.1296769 -0.0289040 0.0821876 0.6460354 0.3707744 0.6621252
122.400000 -3.5635560 0.0979564 0.0146475 0.0975684 0.5969726 0.3710713 0.7045638
122.466667 -3.5245090 0.0617553 0.0442083 0.1127083 0.5588475 0.3719642 0.7325497
122.533333 -3.4947150 0.0304977 0.0777612 0.1107636 0.5371405 0.3674165 0.7511436
122.600000 -3.4719820 0.0032295 0.1089244 0.0989814 0.5248384 0.3578082 0.7659769
122.666667 -3.4512155 -0.0287240 0.1535357 0.0938441 0.5112147 0.3443204 0.7818544
122.733333 -3.4395905 -0.0604376 0.2038728 0.0846520 0.4958740 0.3341764 0.7970378
122.833333 -3.4335632 -0.1085570 0.2778989 0.0833848 0.4587955 0.3118887 0.8278158
122.933333 -3.4270468 -0.1758067 0.3399909 0.0964746 0.4075267 0.2831402 0.8628130
123.033333 -3.4118295 -0.2111608 0.3856884 0.0881932 0.3709487 0.2701120 0.8841146
123.133333 -3.3770132 -0.2547558 0.4428909 0.0846795 0.3246317 0.2475066 0.9089468
123.266667 -3.3143597 -0.2880314 0.5110331 0.0843104 0.2610386 0.2147283 0.9373593
123.366667 -3.2547097 -0.3288556 0.5432907 0.0729061 0.2210877 0.1988224 0.9519846
123.500000 -3.2006381 -0.3694370 0.5904951 0.0431567 0.1786152 0.1752453 0.9672245
123.633333 -3.1629894 -0.4113221 0.6574179 0.0209925 0.1564527 0.1599641 0.9744195
123.733333 -3.1482933 -0.4474234 0.7205516 0.0080355 0.1655295 0.1829848 0.9690470
123.833333 -3.1438780 -0.4895175 0.7721534 -0.0377906 0.1691738 0.2014921 0.9640296
123.933333 -3.1361647 -0.5306072 0.8222871 -0.0615863 0.1563931 0.1969704 0.9658939
124.033333 -3.1203403 -0.5635066 0.8701729 -0.0777991 0.1361123 0.1947132 0.9682497
124.166667 -3.0813723 -0.6069328 0.9396935 -0.0762521 0.1200903 0.1791219 0.9734883
124.266667 -3.0409236 -0.6504885 0.9903360 -0.0700896 0.1036627 0.1683145 0.9777586
124.366667 -3.0065978 -0.6956679 1.0289279 -0.0377266 0.1117045 0.1548449 0.9808781
124.433333 -2.9907601 -0.7215930 1.0564611 -0.0393990 0.1138967 0.1503619 0.9812577
124.533333 -2.9811175 -0.7613180 1.1044860 -0.0247580 0.1037680 0.1444835 0.9837397
124.600000 -2.9845333 -0.7824601 1.1381700 -0.0243674 0.0951992 0.1432789 0.9847916
124.666667 -2.9951820 -0.8033678 1.1738540 -0.0136498 0.0997620 0.1433593 0.9845351
124.766667 -3.0156488 -0.8442995 1.2186575 -0.0111943 0.1228908 0.1573710 0.9797994
124.833333 -3.0322907 -0.8764828 1.2509296 -0.0080623 0.1237363 0.1558649 0.9799645
124.933333 -3.0514476 -0.9103172 1.2991239 -0.0196521 0.1301210 0.1439946 0.9807894
125.000000 -3.0510318 -0.9295800 1.3261244 -0.0193030 0.1470156 0.1553081 0.9766746
125.100000 -3.0352449 -0.9442277 1.3675715 -0.0296552 0.2005610 0.1752790 0.9634174
125.166667 -3.0106905 -0.9570755 1.3953550 -0.0332901 0.2608747 0.2109462 0.9414552
125.233333 -2.9803996 -0.9764340 1.4188324 -0.0259057 0.3171011 0.2586471 0.9120732
125.300000 -2.9488847 -0.9997367 1.4378538 -0.0085602 0.3636980 0.3061725 0.8797210
125.366667 -2.9200382 -1.0171432 1.4535024 0.0170073 0.4119145 0.3413077 0.8447167
125.433333 -2.8989286 -1.0258930 1.4640541 0.0187336 0.4625255 0.3740119 0.8036382
125.500000 -2.8816290 -1.0337348 1.4650713 0.0377577 0.5233083 0.4037721 0.7494603
125.566667 -2.8717680 -1.0377767 1.4703674 0.0412896 0.5787756 0.4371799 0.6871592
125.633333 -2.8681059 -1.0410677 1.4772545 -0.0494319 -0.6510206 -0.4757273 -0.5894169
125.700000 -2.8773670 -1.0438142 1.4891088 -0.0417619 -0.7051443 -0.5075856 -0.4933400
125.733333 -2.8868871 -1.0505095 1.4943345 -0.0387070 -0.7309317 -0.5226662 -0.4371049
125.766667 -2.8921189 -1.0536275 1.4988389 -0.0399228 -0.7443052 -0.5294316 -0.4051149
125.833333 -2.9102106 -1.0616229 1.5111437 -0.0388400 -0.7724766 -0.5416415 -0.3292353
125.900000 -2.9230413 -1.0656767 1.5219917 0.0330128 0.7911252 0.5502231 0.2651142
126.033333 -2.9503777 -1.0748503 1.5314517 -0.0409757 -0.8057576 -0.5586310 -0.1923721
126.100000 -2.9714818 -1.0761670 1.5329459 -0.0512225 -0.8150504 -0.5557640 -0.1555492
126.166667 -2.9941194 -1.0762796 1.5326400 -0.0582409 -0.8189509 -0.5565623 -0.1271452
126.233333 -3.0229530 -1.0729127 1.5269670 -0.0581538 -0.8237612 -0.5575592 -0.0846363
126.300000 -3.0521259 -1.0704980 1.5273151 -0.0493318 -0.8320456 -0.5514036 -0.0349373
126.366667 -3.0842307 -1.0690448 1.5284249 -0.0400324 -0.8353578 -0.5482216 0.0052739
126.433333 -3.1091230 -1.0677674 1.5291319 -0.0397849 -0.8360655 -0.5464465 0.0284228
126.500000 -3.1351242 -1.0671297 1.5306205 -0.0345670 -0.8374261 -0.5427694 0.0540753
126.566667 -3.1565681 -1.0675762 1.5328603 -0.0280364 -0.8387955 -0.5384023 0.0758883
126.633333 -3.1719940 -1.0677207 1.5344255 -0.0245669 -0.8378733 -0.5377240 0.0906518
126.733333 -3.1878488 -1.0655859 1.5313861 -0.0144333 -0.8379706 -0.5374656 0.0934229
126.833333 -3.1801767 -1.0575926 1.5233231 -0.0049325 -0.8392482 -0.5420566 0.0425759
126.900000 -3.1631806 -1.0544007 1.5215365 -0.0111703 -0.8361993 -0.5481300 -0.0141214
126.966667 -3.1479435 -1.0446470 1.5159798 -0.0285313 -0.8261529 -0.5537848 -0.0998989
127.033333 -3.1174216 -1.0333967 1.5127065 -0.0431834 -0.7955017 -0.5660631 -0.2118604
127.166667 -3.0709305 -1.0023630 1.4631543 -0.0546149 -0.7751155 -0.5582024 -0.2909008
127.300000 -3.0468869 -0.9694905 1.4139371 -0.0538289 -0.7721106 -0.5605971 -0.2944120
127.400000 -3.0366952 -0.9311972 1.3677678 0.0585808 0.7775131 0.5612987 0.2774623
127.500000 -3.0344303 -0.8846827 1.3243754 0.0589588 0.7826651 0.5532686 0.2790220
127.633333 -3.0433719 -0.8172355 1.2389767 0.0398434 0.7861071 0.5366065 0.3041407
127.733333 -3.0392902 -0.7774009 1.1622360 0.0432307 0.7952543 0.5176044 0.3127098
127.866667 -2.9930105 -0.7223947 1.0968244 0.0412983 0.7826173 0.5175408 0.3434476
128.000000 -2.9208021 -0.6688454 1.0553060 0.0494796 0.7758620 0.5338465 0.3325626
128.100000 -2.8537192 -0.6481540 1.0080209 0.0406248 0.7750556 0.5531692 0.3027248
128.200000 -2.7992430 -0.6257833 0.9656265 0.0424240 0.7757875 0.5545689 0.2980053
128.333333 -2.7305112 -0.5729377 0.9079645 0.0457023 0.7741999 0.5548921 0.3010325
128.433333 -2.6794291 -0.5108739 0.8566477 0.0441133 0.7673684 0.5574251 0.3138106
128.533333 -2.6291988 -0.4607704 0.7808602 0.0335153 0.7653157 0.5672268 0.3023612
128.633333 -2.5754533 -0.4307601 0.7280278 -0.0190694 -0.7634497 -0.5759103 -0.2917330
128.733333 -2.5010180 -0.3970813 0.6851168 -0.0112138 -0.7637962 -0.5791904 -0.2846545
128.866667 -2.4007077 -0.3662099 0.6603458 -0.0244970 -0.7762246 -0.5760998 -0.2549203
128.966667 -2.3272867 -0.3686521 0.6331463 -0.0269057 -0.7821102 -0.5722738 -0.2451173
129.066667 -2.2566078 -0.3593388 0.6108928 0.0292490 0.7789439 0.5716302 0.2561831
129.166667 -2.1894028 -0.3304980 0.5812182 0.0329608 0.7700548 0.5785819 0.2667811
129.266667 -2.1208272 -0.2862132 0.5482225 0.0356992 0.7683978 0.5708547 0.2870806
129.366667 -2.0462732 -0.2520089 0.4879150 0.0350777 0.7572459 0.5681326 0.3202711
129.466667 -1.9786736 -0.2327071 0.4432602 0.0291872 0.7464944 0.5608975 0.3567748
129.566667 -1.9162672 -0.2114707 0.4163654 0.0240131 0.7404979 0.5607862 0.3696011
129.666667 -1.8287367 -0.1869664 0.3979807 0.0246670 0.7427465 0.5649618 0.3585211
129.766667 -1.7527436 -0.1821861 0.3861489 0.0416665 0.7368013 0.5763673 0.3509822
129.866667 -1.6687226 -0.1861819 0.3638059 0.0495154 0.7426603 0.5692588 0.3492110
129.966667 -1.5944173 -0.1727924 0.3447105 0.0462268 0.7245309 0.5811490 0.3676737
130.066667 -1.5152576 -0.1380365 0.3168484 0.0460503 0.7245104 0.5746253 0.3778490
130.166667 -1.4495175 -0.1040497 0.2865529 0.0365315 0.7196476 0.5706170 0.3939148
130.266667 -1.3766520 -0.0889670 0.2345555 0.0395396 0.7152301 0.5555177 0.4222352
130.366667 -1.3097980 -0.0720308 0.2040387 0.0278699 0.7036800 0.5509123 0.4478319
130.466667 -1.2390552 -0.0600134 0.1911844 0.0240957 0.6870407 0.5445789 0.4804460
130.566667 -1.1758969 -0.0538130 0.1909108 0.0283080 0.6856592 0.5375862 0.4899707
130.666667 -1.0995257 -0.0622311 0.1850600 0.0268215 0.6893585 0.5352072 0.4874614
130.766667 -1.0296916 -0.0667257 0.1783800 0.0283609 0.6925290 0.5353900 0.4826562
130.866667 -0.9620314 -0.0597780 0.1672357 0.0247811 0.6832244 0.5363341 0.4949101
130.966667 -0.9044379 -0.0392399 0.1568039 0.0182357 0.6916408 0.5428185 0.4760762
131.133333 -0.7913371 -0.0062947 0.1029715 0.0161919 0.7070825 0.5485100 0.4459922
131.433333 -0.5983054 0.0058203 0.0904444 0.0020545 0.6124475 0.4944233 0.6168059
131.766667 -0.3919216 -0.0149858 0.0908666 0.0218209 0.4646100 0.4146994 0.7821035
132.100000 -0.2189175 0.0020199 0.0488784 -0.0131437 0.2766018 0.2657079 0.9234273
132.500000 -0.1695938 -0.0490230 0.0914261 0.0116314 0.0367593 0.0505101 0.9979790
132.933333 -0.0902706 -0.0937327 0.1073464 0.0869530 -0.1646750 -0.1070148 0.9766623
