1403636579763555584.000000 0.000000000 0.000000000 0.000000000 -0.000000000 -0.000000000 -0.000000000 1.000000000
1403636580113555456.000000 0.001333816 0.158053592 0.040219918 -0.024599966 0.005606034 0.002257508 0.999679148
1403636580163555584.000000 0.000855601 0.183147386 0.045466926 -0.026455402 0.005372890 0.003281861 0.999630213
1403636580313555456.000000 0.000558507 0.248604104 0.057666752 -0.035737433 0.004652482 0.000516710 0.999350250
1403636580463555584.000000 -0.002041287 0.295990169 0.061874699 -0.058647711 0.003182455 -0.001846217 0.998272002
1403636580863555584.000000 -0.009138711 0.141680002 0.034107495 -0.052173693 0.011881283 -0.011201092 0.998504519
1403636581063555584.000000 -0.017432531 -0.008007206 0.010133860 -0.022223700 0.019212432 -0.019052420 0.999386847
1403636581413555456.000000 -0.020779608 -0.139862701 -0.023085613 0.025879791 0.024081228 -0.015400675 0.999256313
1403636584013555456.000000 0.019743770 0.274179041 0.060320299 -0.068065368 0.027416727 -0.010783533 0.997245789
1403636584813555456.000000 -0.001171277 -0.140566915 -0.010319247 0.005654879 0.046502765 -0.019749969 0.998706877
1403636585763555584.000000 0.021338699 0.099026956 0.025162583 -0.050257694 0.027087325 -0.015208705 0.998253047
1403636586063555584.000000 0.018369345 0.114243865 0.003600621 -0.113807783 0.027479613 0.003085163 0.993117869
1403636586413555456.000000 0.007173322 0.108285576 -0.023544012 -0.184992582 0.045670204 0.020706462 0.981459796
1403636587563555584.000000 0.126691967 0.088981234 -0.011323282 -0.207457662 0.031126808 0.021700019 0.977507830
1403636587863555584.000000 0.237537831 0.077264644 -0.002564774 -0.193180114 0.049900159 0.034536187 0.979284823
1403636588263555584.000000 0.343980372 0.089581780 0.002407241 -0.214029953 0.068027422 0.041305430 0.973579645
1403636589513555456.000000 -0.027687365 0.089654095 -0.030350013 -0.204616904 0.024044245 0.020926969 0.978323042
1403636589713555456.000000 -0.123640031 0.097902015 -0.032941166 -0.199898690 0.018371254 0.015527585 0.979521275
1403636589863555584.000000 -0.187410086 0.107061669 -0.035300776 -0.205713198 0.005789788 0.013509715 0.978501976
1403636590063555584.000000 -0.248342320 0.118194290 -0.037095554 -0.207307801 -0.012018070 0.012850256 0.978117526
1403636592263555584.000000 0.250964284 0.100919068 0.053067524 -0.166017443 0.109110348 0.047605135 0.978911102
1403636592613555456.000000 0.244272962 0.071812853 0.148732468 -0.164550811 0.072311319 0.043054562 0.982771814
1403636592813555456.000000 0.186187282 0.060457896 0.201698795 -0.158807918 0.027888725 0.024441805 0.986612856
1403636592963555584.000000 0.111719295 0.061382953 0.216636702 -0.167097732 -0.018515931 0.015783537 0.985640109
1403636593113555456.000000 0.020702584 0.070882134 0.201196492 -0.175012425 -0.062745199 0.003984054 0.982556760
1403636593263555584.000000 -0.072981440 0.084348887 0.157938346 -0.176710784 -0.100069813 0.002865755 0.979158401
1403636593413555456.000000 -0.138372511 0.101690717 0.098633990 -0.183425069 -0.116258107 0.001780493 0.976133287
1403636593663555584.000000 -0.159035549 0.145347595 -0.007018053 -0.196294472 -0.093204334 0.010430486 0.976049542
1403636593813555456.000000 -0.121129543 0.168133512 -0.060521819 -0.204842329 -0.050954930 0.027979543 0.977067292
1403636593913555456.000000 -0.080143392 0.176003903 -0.088592097 -0.198167205 -0.010440338 0.042314783 0.979198754
1403636594063555584.000000 -0.003845367 0.180306852 -0.115773380 -0.180830702 0.054434482 0.059048653 0.980229795
1403636594363555584.000000 0.173920497 0.167559654 -0.084755570 -0.179306209 0.136354595 0.075977683 0.971331120
1403636594813555456.000000 0.288034379 0.116510406 0.097242124 -0.146485031 0.126709983 0.062629834 0.979062974
1403636595013555456.000000 0.181285784 0.109031968 0.154187411 -0.141020000 0.062066037 0.036563378 0.987382531
1403636595313555456.000000 -0.040606704 0.130894288 0.147316143 -0.156117186 -0.054799806 0.005861983 0.986199856
1403636595463555584.000000 -0.095239304 0.146073043 0.111087240 -0.161208153 -0.081377454 -0.000261242 0.983559668
1403636595813555456.000000 -0.006378972 0.182885766 0.009033975 -0.173122302 -0.047229752 -0.001620346 0.983765900
1403636595963555584.000000 0.075998791 0.199998543 -0.028709468 -0.173686907 0.003243141 0.007287320 0.984768629
1403636596113555456.000000 0.134080917 0.216046244 -0.072540075 -0.179752156 0.048692301 0.019251352 0.982317448
1403636596513555456.000000 0.042677507 0.222474724 -0.206917807 -0.167073488 0.068897910 0.027207168 0.983157814
1403636597613555456.000000 0.060018189 0.115517147 0.131890535 -0.167176113 -0.025322232 -0.020739544 0.985383630
1403636598163555584.000000 -0.031433307 0.167052835 0.023227781 -0.165287822 -0.083313309 -0.041996859 0.981822371
1403636598363555584.000000 -0.021265859 0.208417892 -0.027057379 -0.197516292 -0.069674835 -0.048049182 0.976639152
1403636598713555456.000000 0.021438900 0.237721652 0.041088864 -0.165508151 -0.079183549 -0.050502997 0.981726289
1403636598813555456.000000 0.031694740 0.245884210 0.077133782 -0.141865075 -0.092669308 -0.048006196 0.984368920
1403636598913555456.000000 0.041275140 0.258821249 0.111340195 -0.117704786 -0.098139964 -0.044639520 0.987178564
1403636599013555456.000000 0.049820561 0.274523556 0.140824229 -0.100074165 -0.099346705 -0.045447353 0.988964081
1403636599063555584.000000 0.052607484 0.281236261 0.152937248 -0.090545990 -0.101274550 -0.043877583 0.989757419
1403636599113555456.000000 0.054623690 0.286360264 0.162630722 -0.080712311 -0.105225608 -0.041538823 0.990296721
1403636599163555584.000000 0.056388170 0.289868534 0.170999020 -0.067644879 -0.109737203 -0.038716882 0.990900099
1403636599213555456.000000 0.057990834 0.292862087 0.179342300 -0.050410118 -0.110510372 -0.037792813 0.991876006
1403636599313555456.000000 0.059558284 0.296552420 0.194176704 -0.020041011 -0.110182926 -0.033469699 0.993145466
1403636599713555456.000000 0.066398166 0.323542088 0.229908764 -0.010235529 -0.087399557 -0.031768501 0.995614052
1403636600063555584.000000 0.071613729 0.325489938 0.229107842 0.015545791 -0.088583060 -0.023053326 0.995680630
1403636610863555584.000000 0.072059691 0.325276136 0.228200227 0.019204136 -0.090000555 -0.019398455 0.995567560
1403636624413555456.000000 0.077104844 0.326005101 0.226244971 0.007007254 -0.082527973 -0.019977385 0.996363878
1403636624813555456.000000 0.115267821 0.333252102 0.203957841 -0.005863882 -0.070187949 -0.038072202 0.996789753
1403636624963555584.000000 0.139024794 0.329851508 0.182292312 -0.023611445 -0.064451642 -0.060694341 0.995793521
1403636625063555584.000000 0.151212230 0.317025363 0.165083632 -0.036241647 -0.062618107 -0.068444833 0.995028079
1403636628913555456.000000 0.406900525 -0.157795250 0.161967382 -0.021446923 -0.011812770 -0.021507101 0.999468863
1403636629563555584.000000 0.595005095 -0.224444121 0.250264496 -0.011939679 0.044437017 0.009200200 0.998898506
1403636629963555584.000000 0.763655365 -0.169430003 0.361815453 -0.037165802 0.129269689 0.028720601 0.990496457
1403636630213555456.000000 0.878673315 -0.179895535 0.444733351 -0.015488770 0.158467084 0.032052331 0.986722350
1403636630563555584.000000 1.036578178 -0.257825345 0.544565678 -0.014553907 0.166054592 0.026922837 0.985641539
1403636631413555456.000000 1.379505396 -0.370868623 0.831560016 -0.009003586 0.149862573 0.025611555 0.988334060
1403636632963555584.000000 1.785225511 -0.406213999 1.422474384 -0.022180771 0.071183637 0.001825032 0.997214913
1403636634163555584.000000 2.052683830 -0.529942334 2.073080778 -0.027579332 0.035937879 0.010455040 0.998918712
1403636635163555584.000000 2.372092009 -0.747305512 2.691747665 -0.021864416 -0.000391636 -0.030177722 0.999305308
1403636635913555456.000000 2.551735401 -0.963915288 3.173094988 -0.016902581 -0.010377973 -0.000215701 0.999803245
1403636636613555456.000000 2.818511486 -1.292274594 3.610575438 0.014384403 0.002782872 -0.038979571 0.999132574
1403636638113555456.000000 2.971915483 -1.557772160 4.260931492 -0.006212678 -0.014560533 -0.029212948 0.999447882
1403636639213555456.000000 3.090979338 -1.689810157 4.827474594 -0.021872820 -0.028207701 0.003859229 0.999355316
1403636640163555584.000000 3.403312922 -1.732240200 5.456198692 -0.001975147 -0.032293703 -0.035395492 0.998849511
1403636642163555584.000000 3.796780109 -1.928648710 6.178744793 -0.001059480 -0.032632768 -0.035155989 0.998848379
1403636644663555584.000000 4.259369373 -2.092673063 6.833610058 0.003113585 -0.007762444 0.010158160 0.999913454
1403636646063555584.000000 4.853650570 -2.109991789 7.724067211 -0.023180468 0.016067456 -0.006239892 0.999582708
1403636646713555456.000000 5.196257114 -2.336220026 8.207854271 0.015274276 0.154735655 0.030733021 0.987359643
1403636648113555456.000000 5.904747963 -2.645144939 8.685701370 0.014007192 0.208330005 0.049419045 0.976708889
1403636649263555584.000000 6.522310734 -2.609479666 8.717492104 0.010470101 0.374368042 0.091960937 0.922649503
1403636651963555584.000000 7.093664169 -2.730988026 8.027530670 0.039939445 0.534033239 0.151372358 0.830842853
1403636652663555584.000000 7.041205883 -2.477613449 7.714221001 -0.006828858 0.680258095 0.220908120 0.698857605
1403636654213555456.000000 7.129621506 -2.318666935 6.985149860 0.025269216 0.682709992 0.186638877 0.705999017
1403636654963555584.000000 7.009476185 -2.281972885 6.688645840 0.011076944 0.752737463 0.219569579 0.620526314
1403636655863555584.000000 6.730866909 -2.100663185 6.454855919 0.022442443 0.796286583 0.250386685 0.550209522
1403636656363555584.000000 6.526036739 -1.963627696 6.291513443 0.015764922 0.828371406 0.265055329 0.493252456
1403636657263555584.000000 6.165158272 -1.873130202 5.914402008 0.039139636 0.830353260 0.234039620 0.504189491
1403636658113555456.000000 5.665271759 -1.638358712 5.583867073 0.030657386 0.826325178 0.272849143 0.491731852
1403636658913555456.000000 5.264751434 -1.398296595 5.133943558 -0.003734715 0.842876077 0.245533913 0.478810072
1403636659963555584.000000 4.938528061 -1.054707527 4.853628159 0.005374821 0.844691932 0.252735853 0.471795768
1403636661063555584.000000 4.919400215 -0.667078018 4.822180748 -0.005166936 0.849970877 0.238750115 0.469596863
1403636662963555584.000000 5.018886089 -0.613024712 5.352173805 0.023707744 0.836284637 0.282704562 0.469195247
1403636664713555456.000000 5.646321774 -0.358729661 5.637893677 0.015176127 0.833845496 0.236097798 0.498727620
1403636665913555456.000000 6.374519348 -0.619969368 6.149339676 0.011781827 0.827717304 0.238301843 0.507895112
1403636667513555456.000000 7.026285648 -0.869649649 6.762130260 0.001451196 0.818981707 0.240772679 0.520860374
1403636668913555456.000000 7.613452435 -0.801336646 7.141778946 -0.019201107 0.832534313 0.231139913 0.503082871
1403636669613555456.000000 7.976974964 -0.856350541 7.475201130 0.017181328 0.836656511 0.218451291 0.501985729
1403636671863555584.000000 6.588582039 -0.962300777 6.779613972 -0.038508493 0.605689704 0.213001892 0.765693963
1403636673113555456.000000 6.214197159 -0.855188608 5.908543587 -0.019995300 0.591861844 0.166438103 0.788414955
1403636675663555584.000000 7.102704525 -0.873655200 6.772044182 -0.012500897 0.496383429 0.109931245 0.861024022
1403636676463555584.000000 7.490272999 -0.873299718 7.345211983 -0.022525685 0.341059357 0.057509158 0.938010573
1403636677663555584.000000 7.801447868 -1.046271801 8.254946709 0.033057563 0.214214116 0.034918703 0.975602508
1403636678563555584.000000 7.867650032 -1.209831357 8.629234314 -0.000596022 0.023803772 -0.007673409 0.999687016
1403636679613555456.000000 7.805736542 -1.311579943 8.878329277 0.009159758 -0.227701366 -0.081984267 0.970230281
1403636681513555456.000000 7.168395042 -1.384512544 8.343216896 0.008015523 -0.237237558 -0.096165873 0.966646969
1403636683463555584.000000 6.070569992 -1.127918005 7.396603107 0.009456618 -0.246477291 -0.097187139 0.964216888
1403636685313555456.000000 5.307815552 -0.731408834 6.310262680 0.004337154 -0.256980211 -0.112790056 0.959802508
1403636686613555456.000000 4.855000019 -0.427116990 5.510276794 -0.011720158 -0.255648732 -0.099372901 0.961577594
1403636687663555584.000000 4.528401375 -0.255059600 5.020869255 0.006129438 -0.264012456 -0.094112404 0.959897220
1403636688313555456.000000 4.408959866 0.019560378 4.785717010 0.006702541 -0.263143867 -0.104675442 0.959037781
1403636688963555584.000000 4.271361828 0.290892303 4.530120850 -0.000355035 -0.270675182 -0.121646099 0.954953969
1403636689813555456.000000 3.971638203 0.323202491 4.158460617 -0.037349701 -0.306095749 -0.105498485 0.945399702
1403636690713555456.000000 3.698266506 0.183543757 4.183735847 -0.025249450 -0.305109650 -0.081267484 0.948507309
1403636692863555584.000000 4.754227161 -0.482840300 4.622923374 -0.001252714 -0.289390951 -0.145088568 0.946150482
1403636693963555584.000000 5.009088516 -0.738880754 4.649357319 -0.014901371 -0.305131704 -0.116073154 0.945092380
1403636697913555456.000000 4.958638668 -0.878848374 4.983502388 -0.002321844 -0.217505798 -0.101130717 0.970802963
1403636698863555584.000000 4.616330624 -0.698865116 4.789076805 -0.006321749 -0.042743672 -0.036274448 0.998407304
1403636699663555584.000000 4.375235081 -0.624949813 4.702733994 -0.003695929 0.175813332 0.074926369 0.981561065
1403636700913555456.000000 4.479303837 -0.287020653 4.601550102 0.010188816 0.306365401 0.088074192 0.947776020
1403636702313555456.000000 4.831893444 -0.183854997 4.432477951 0.004533663 0.386544138 0.114901103 0.915074229
1403636703263555584.000000 5.135212421 0.123892128 4.510220528 0.011260934 0.408798039 0.130809441 0.903131366
1403636704763555584.000000 5.727131844 0.184905589 4.569429398 -0.028530629 0.399014860 0.117727913 0.908907771
1403636705513555456.000000 6.161038399 0.192600757 4.833827019 -0.016907563 0.397338003 0.106071293 0.911364675
1403636706113555456.000000 6.542460918 0.141283274 5.176660538 0.019785918 0.387939811 0.129017994 0.912395537
1403636706513555456.000000 6.806187153 0.130547941 5.371905804 -0.005203523 0.393123925 0.097735986 0.914261580
1403636707063555584.000000 7.127064228 0.042451382 5.662540913 -0.013780951 0.399582714 0.102815926 0.910808802
1403636707863555584.000000 7.573234558 -0.290833473 6.175857544 -0.009117694 0.403222799 0.126485288 0.906272471
1403636708763555584.000000 8.150591850 -0.368697226 6.843111992 0.015186558 0.400081158 0.107343934 0.910044909
1403636710163555584.000000 8.603200912 -0.545303345 7.657661438 -0.002492262 0.412802637 0.093441173 0.906011343
1403636710913555456.000000 8.590686798 -0.535011530 8.210089684 0.012520261 0.325008184 0.084110871 0.941880226
1403636712463555584.000000 8.110485077 -0.823031783 8.750312805 0.024477536 0.269647211 0.046150815 0.961541116
1403636713813555456.000000 7.210214615 -1.123239517 8.414193153 0.016415602 0.224007979 0.071164206 0.971847057
1403636715163555584.000000 6.603486538 -1.044715881 7.823091984 -0.019623157 0.114638485 0.015138743 0.993098080
1403636718363555584.000000 5.939337730 -0.733288586 6.600044727 0.000706989 -0.102772579 -0.057826702 0.993022382
1403636719763555584.000000 5.393395901 -0.340186387 6.071036339 0.005181545 -0.165782467 -0.064926773 0.984009087
1403636721513555456.000000 5.169278622 -0.079265669 5.494100571 0.008617522 -0.065594174 -0.029720502 0.997366488
1403636724163555584.000000 5.073744774 0.204533353 4.631015301 -0.009667651 0.047321592 -0.002419008 0.998830020
1403636727763555584.000000 4.794395447 -0.134897143 3.720710993 0.011010593 0.103786729 0.005031792 0.994525909
1403636729113555456.000000 4.445005894 -0.219310597 3.278072834 0.017601427 0.046512641 -0.015331995 0.998644948
1403636730263555584.000000 4.074450970 -0.093187362 2.809876680 -0.001830210 0.031506807 -0.012225068 0.999427080
1403636733163555584.000000 3.671080589 0.175287738 2.238024950 0.016371489 0.029291835 -0.026056647 0.999097109
1403636734913555456.000000 3.095933437 0.196803287 1.467505217 -0.007386707 0.014241527 -0.016430251 0.999736309
1403636737363555584.000000 2.415551186 0.153743148 0.962231159 0.002650997 -0.043841738 -0.032882527 0.998493731
1403636741113555456.000000 2.592729807 0.438909978 0.950793624 0.009547792 0.249593571 0.038409952 0.967541516
1403636743963555584.000000 3.014624119 1.069323063 1.331720591 0.005804466 0.284222543 0.071001962 0.956108034
1403636745063555584.000000 3.333713293 1.639305830 1.739544868 0.006878013 0.305423945 0.081629850 0.948686182
